--------------------
BDMEP - INMET
--------------------
Estação           : CORUMBA - MS (OMM: 83552)
Latitude  (graus) : -19.02
Longitude (graus) : -57.67
Altitude  (metros): 130.00
Estação Operante
Inicio de operação: 01/05/1912
Periodo solicitado dos dados: 30/03/1700 a 12/08/2015
Os dados listados abaixo são os que encontram-se digitados no BDMEP
--------------------
Obs.: Os dados aparecem separados por ; (ponto e vírgula) no formato txt.
      Para o formato planilha XLS, siga as instruções
--------------------
Estacao;Data;Hora;DirecaoVento;VelocidadeVentoMedia;VelocidadeVentoMaximaMedia;EvaporacaoPiche;EvapoBHPotencial;EvapoBHReal;InsolacaoTotal;NebulosidadeMedia;NumDiasPrecipitacao;PrecipitacaoTotal;PressaoNivelMarMedia;PressaoMedia;TempMaximaMedia;TempCompensadaMedia;TempMinimaMedia;UmidadeRelativaMedia;VisibilidadeMedia;
83552;31/01/1961;0000;27;1.586957;8;;;;241.6;6.836957;13;72.5;;993.042391;33.967742;27.989032;24.074194;72.903226;;
83552;28/02/1961;0000;9;1.77381;8;;;;216.2;7.238095;9;66.1;;994.846429;34.214286;27.885714;23.917857;73.1875;;
83552;31/03/1961;0000;14;1.849462;8;;;;231.5;6.677419;12;106.4;;996.121505;32.167742;26.563226;22.548387;75.620968;;
83552;30/04/1961;0000;32;1.866667;8;;;;216.1;6.622222;13;168.8;;996.433333;31.226667;26.070667;22.803333;77.25;;
83552;31/05/1961;0000;9;1.731183;8;;;;220;5.258065;5;76.6;;999.280645;28.880645;23.896129;20.196774;74.66129;;
83552;30/06/1961;0000;5;2.266667;7;;;;192;5.666667;6;19.9;;;24.56;20.401333;17.056667;77.725;;
83552;31/07/1961;0000;0;1.827957;9;;;;241.5;3.548387;1;1;;;27.196774;21.916774;17.735484;65.677419;;
83552;31/08/1961;0000;0;1.989247;6;;;;283.2;1.849462;1;2.1;;997.63871;32.73871;27.297419;22.735484;57.669355;;
83552;30/09/1961;0000;0;2.477273;10;;;;254.5;1.7;0;0;;995.688889;33.163333;26.702667;21.973333;54.791667;;
83552;31/10/1961;0000;0;1.76087;10;;;;223.8;4.903226;4;108.9;;994.684946;33.603333;27.330667;22.290323;62.58871;;
83552;30/11/1961;0000;9;1.855556;10;;;;211.3;6.8;8;46.6;;993.964444;34.106667;28.277333;24.156667;72.6;;
83552;31/12/1961;0000;5;1.673118;6;;;;224.5;6.784946;13;194.9;;993.733333;34.193548;28.099355;23.922581;78.451613;;
83552;31/01/1962;0000;14;1.827957;8;;;;243.4;7.397849;6;107.8;;993.903226;34.176667;28.348667;23.596774;69.096774;;
83552;28/02/1962;0000;14;1.761905;8;;;;256.8;5.27381;7;100;;994.010714;35.585714;28.646429;23.607143;60.303571;;
83552;31/03/1962;0000;9;1.462366;5;;;;243.1;6.483871;10;76.6;;995.252688;34.277419;27.824516;23.190323;64.209677;;
83552;30/04/1962;0000;18;1.655556;8;;;;190;6.922222;12;86.4;;997.225556;32.321429;25.697857;21.346667;71.433333;;
83552;31/05/1962;0000;9;2.228261;12;;;;241.4;5.451613;3;31.4;;999.796774;28.906452;23.034839;18.8;65.895161;;
83552;30/06/1962;0000;14;2.188889;6;;;;246.9;3.6;2;8.2;;;27.973333;21.612;16.986667;60.466667;;
83552;31/07/1962;0000;5;3.301075;14;;;;207.6;4.505376;0;0;;;24.403226;18.358065;13.706452;59.725806;;
83552;31/08/1962;0000;9;2.086022;8;;;;234.1;3.301075;5;9.9;;999.301075;31.525806;24.072903;18.264516;48.604839;;
83552;30/09/1962;0000;0;2.426966;8;;;;240.1;3.822222;6;32.1;;996.833333;34.423333;27.46;22.363333;56.733333;;
83552;31/10/1962;0000;5;2.569892;12;;;;234.6;5.752688;6;11;;997.234409;33.725806;26.350968;21.116129;55.951613;;
83552;30/11/1962;0000;14;2.355556;12;;;;301.2;4.144444;4;18.2;;993.9;37.893333;30.064;24.11;47.941667;;
83552;31/12/1962;0000;23;1.634409;8;;;;176.8;8.064516;14;267.5;;992.434409;35.025806;28.143871;23.983871;75.080645;;
83552;31/01/1963;0000;0;1.473118;5;;;;197.3;7.677419;14;98.7;;993.753763;34.148387;27.520645;23.93871;77.766129;;
83552;28/02/1963;0000;9;1.285714;4;;;;153.4;7.809524;15;150.1;;994.707143;33.225;26.970714;23.553571;80.348214;;
83552;31/03/1963;0000;14;1.387097;5;;;;222.2;6.473118;13;138.4;;996.508602;33.983871;27.128387;23.203226;77.733871;;
83552;30/04/1963;0000;5;1.366667;4;;;;245.7;5.211111;5;141.2;;997.067778;33.543333;26.802;22.516667;72.4;;
83552;31/05/1963;0000;14;1.580645;8;;;;245.9;3.795699;0;0;;999.894624;30.629032;24.111613;20.087097;70.927419;;
83552;30/06/1963;0000;5;1.455556;5;;;;223.6;3.644444;2;26.9;;;28.11;22.412667;18.62;71.8;;
83552;31/07/1963;0000;0;1.612903;8;;;;269.9;1.774194;0;0;;999.409677;30.141935;23.54;19.216129;60.669355;;
83552;31/08/1963;0000;9;1.860215;6;;;;216;6.010753;2;4.6;;997.349462;32.367742;25.507097;21.170968;58.112903;;
83552;30/09/1963;0000;14;2.255556;8;;;;189.2;7.522222;3;11.6;;996.087778;32.676667;26.210667;21.833333;58.266667;;
83552;31/10/1963;0000;18;2.076087;8;;;;240.3;3.236559;3;44.8;;994.974194;;;23.887097;57.346774;;
83552;30/11/1963;0000;9;1.988889;6;;;;243.1;5.477778;8;113.6;;993.772222;34.4;27.968667;23.456667;66.458333;;
83552;31/12/1963;0000;14;2;8;;;;238.7;6.494624;5;59.4;;994.03871;35.093548;28.8;24.858065;63.169355;;
83552;31/01/1964;0000;14;1.537634;6;;;;260;6.301075;12;99;;993.14086;35.03871;28.83871;24.429032;68.975806;;
83552;29/02/1964;0000;27;1.390805;5;;;;175.3;6.689655;12;75.3;;992.75977;32.968966;27.737241;23.858621;73.206897;;
83552;31/03/1964;0000;14;1.847826;8;;;;193.8;7.322581;16;144.8;;996.405376;32.041935;26.587742;23.190323;77.685484;;
83552;30/04/1964;0000;23;1.677778;5;;;;251.2;4.644444;5;17.9;;996.961111;33.256667;27.435333;23.233333;67.175;;
83552;31/05/1964;0000;18;2.053763;6;;;;229.3;4.365591;3;50.6;;999.992473;29.906452;24.165161;19.674194;60.887097;;
83552;30/06/1964;0000;14;2.788889;14;;;;229.9;4.777778;1;4;;999.572222;28.086667;21.546667;17.083333;62.033333;;
83552;31/07/1964;0000;14;2.387097;8;;;;210;4.462366;3;10.2;;;27.454839;21.012258;16.035484;54.395161;;
83552;31/08/1964;0000;0;2.139785;8;;;;222.5;4.193548;5;58.5;;997.812903;32.016129;25.508387;20.374194;53.41129;;
83552;30/09/1964;0000;5;2.168539;7;;;;165.3;4.833333;12;109.6;;997.347778;31.28;25.529333;21.516667;61.041667;;
83552;31/10/1964;0000;23;;6;;;;;5.646154;8;103.1;;997.241538;30.65;25.060952;20.231818;;;
83552;30/09/1965;0000;0;4.045455;12;;;;;3.702703;;0.8;;995.966667;32.06875;25.826667;20.21875;;;
83552;31/10/1965;0000;9;3.721348;10;;;;246.3;4.015152;9;105.3;;993.219355;33.290323;26.732903;21.63871;63.443548;;
83552;30/11/1965;0000;5;2.9;14;;;;;4.442857;8;81.7;;992.996667;33.866667;27.504;23.06;63.266667;;
83552;31/12/1965;0000;5;2.365591;6;;;;201.1;4.655914;10;327.6;;994.872043;32.935484;27.111613;23.603226;77.822581;;
83552;31/01/1966;0000;5;2.670968;6;;;;255;4.709677;11;221.3;;995.168817;34.296774;28.075484;24.080645;74.435484;;
83552;28/02/1966;0000;36;1.964286;8;;;;178.7;5.214286;7;132.2;;995.635714;;;24.114286;79.616071;;
83552;31/12/1966;0000;;;;;;;;;;;;;33.907143;;;;;
83552;30/09/1974;0000;27;1.820225;8;170.8;;;208.4;2.460674;;31;;;30.186207;23.931333;18.213333;61.866667;;
83552;31/10/1974;0000;0;1.228261;10;123;;;155.6;5.387097;;136.6;;;30.164516;24.526452;18.254839;68.516129;;
83552;30/11/1974;0000;0;1.602273;10;140.7;;;284.2;3.255556;;116.3;;;32.796667;26.075172;18.12069;64.725;;
83552;31/12/1974;0000;5;0.494624;8;71.2;;;156;5.935484;;132.5;;;30.916129;25.579355;19.912903;80.935484;;
83552;31/01/1975;0000;0;1.096774;7;91.1;;;253.3;5.698925;;72.6;;;33.135484;26.772667;20.313333;75.854839;;
83552;28/02/1975;0000;0;2.754762;14;90.6;;;213.2;6.452381;;67.2;;991.392771;34.485185;28.0576;23.292308;73.517857;;
83552;31/03/1975;0000;9;2.184783;14;69.3;;;197;6.806452;;122.5;;993.325806;32.496774;26.768966;23.07931;80.967742;;
83552;30/04/1975;0000;9;2.766667;9;65.2;;;210.1;6.088889;;193.3;;992.698889;30.586667;25.282963;21.52963;80.833333;;
83552;31/05/1975;0000;23;3.217391;12;87.8;;;211.3;4.709677;;5.2;;996.75914;27.587097;22.467586;18.706897;74.75;;
83552;30/06/1975;0000;0;3.247191;14;84.2;;;174.4;4.433333;;71.8;;997.774444;27.036;22.24;18.240741;75.191667;;
83552;31/07/1975;0000;0;2.009091;10;97.7;;;286.5;2.591398;;26.2;;998.665591;25.996667;20.045;14.817857;67.572581;;
83552;31/08/1975;0000;9;2.797753;12;108.9;;;242.8;3.053763;;0.6;;995.998925;29.172414;23.383704;17.925926;68.435484;;
83552;30/09/1975;0000;0;2.365909;12;122.9;;;173.1;4.1;;13.5;;994.13;31.824138;26.311111;21.407143;67.566667;;
83552;31/10/1975;0000;0;2.569892;9;128.8;;;248.3;5.397849;;106.6;;992.415054;33;26.721429;21.758621;68.830645;;
83552;30/11/1975;0000;0;1.68764;12;74.7;;;209.3;6.388889;;190.2;;990.822222;31.641379;26.52;22.362963;79.808333;;
83552;31/12/1975;0000;0;1.666667;7;80.2;;;219.6;6.537634;19;186.9;;991.277419;32.141935;26.691724;22.386207;77.846774;;
83552;31/01/1976;0000;0;1.634409;12;68;;;236.4;5.935484;;259.3;;991.533333;32.396774;26.773548;22.793548;79.725806;;
83552;29/02/1976;0000;0;1.103448;5;49.8;;;169.2;6.885057;15;261.7;;991.255172;32.237931;26.353793;22.486207;83.681034;;
83552;31/03/1976;0000;0;1.706522;7;61.9;;;222.1;5.139785;;137;;993.135484;30.829032;24.877419;20.9;81.225806;;
83552;30/04/1976;0000;0;1.966667;9;65.2;;;229.6;4.611111;;80.4;;995.276667;30.116667;24.004667;19.836667;78.85;;
83552;31/05/1976;0000;14;2.580645;12;61.5;;;197.9;5.107527;;28.4;;996.254839;27.635484;22.534839;19.154839;80.766129;;
83552;30/06/1976;0000;14;3.411111;9;74.5;;;178.3;4.6;;26.7;;997.487778;25.326667;20.621333;17.123333;74.875;;
83552;31/07/1976;0000;23;3.010753;9;128.2;;;283.7;2.827957;;1.9;;997.978495;27.56129;22.280645;17.812903;66.540323;;
83552;31/08/1976;0000;0;3.565217;12;143.4;;;241.6;3.774194;;20.8;;996.28172;28.658065;22.992903;18.393548;62.104839;;
83552;30/09/1976;0000;9;2.988764;12;99.2;;;158.5;5.822222;;122.4;;995.661111;27.413333;22.552667;18.923333;72.233333;;
83552;31/10/1976;0000;18;2.989247;7;121.1;;;263.6;4.526882;;131;;992.437634;31.86129;25.87871;20.977419;70.556452;;
83552;30/11/1976;0000;9;2.761111;9;90.3;;;262.2;5.655556;;111.6;;991.611111;31.64;25.767333;21.116667;74.391667;;
83552;31/12/1976;0000;18;2.064516;9;77.6;;;228.4;6.397849;;154.6;;990.464516;31.996774;26.771613;22.9;80.16129;;
83552;31/01/1977;0000;5;2.268817;7;;;;186.6;7.182796;19;182.1;;990.226882;31.329032;26.734839;23.535484;82.120968;;
83552;28/02/1977;0000;0;2.166667;9;;;;211.3;5.916667;14;105.7;;993.639286;31.8;26.982857;23.142857;80.839286;;
83552;31/03/1977;0000;0;2.387097;9;;;;235.4;5.311828;7;43.7;;992.784946;32.716129;27.350323;23.483871;80.056452;;
83552;30/04/1977;0000;18;2.629213;9;;;;239.1;4.444444;6;46.5;;994.751111;30.146667;24.634667;20.22;76.691667;;
83552;31/05/1977;0000;9;2.354839;14;;;;214.7;5.086022;7;59.9;;997.170968;27.851613;22.314839;18.125806;80.403226;;
83552;30/06/1977;0000;23;2.411111;14;58.5;;;199.1;4.811111;7;48.4;;997.554444;27.596667;22.094667;17.853333;80.291667;;
83552;31/07/1977;0000;0;3.096774;12;101.6;;;293.3;3.096774;1;60.7;;994.865591;30.512903;24.62129;20;72.201613;;
83552;31/08/1977;0000;23;2.677419;14;104.2;;;219.4;3.860215;7;29.5;;996.197849;28.393548;22.182581;16.816129;70.048387;;
83552;30/09/1977;0000;9;2.755556;12;111.7;;;183;4.922222;8;37.6;;995.12;31.473333;25.264667;20.166667;72.508333;;
83552;31/10/1977;0000;23;2.215054;12;92.5;;;228.8;5.27957;10;94.5;;994.037634;32.406452;25.855484;20.290323;74.064516;;
83552;30/11/1977;0000;9;2.311111;14;71.2;;;190.9;6.766667;15;165.7;;991.782222;32.606667;26.969333;22.516667;79.566667;;
83552;31/12/1977;0000;0;1.860215;7;76.2;;;179;6.494624;14;59;;991.277419;32.736667;27.090667;22.448387;79.266129;;
83552;31/01/1978;0000;0;1.866667;14;81.4;;;191.1;6.096774;14;185.4;;992.586022;32.870968;27.005806;22.003226;78.346774;;
83552;28/02/1978;0000;9;1.214286;5;79.1;;;198.6;5.559524;10;70.1;;991.802381;34.096429;27.868571;22.214286;78.089286;;
83552;31/03/1978;0000;0;1.677419;7;87;;;268.1;3.806452;7;100;;993.284946;33.141379;26.997419;22.554839;82.975806;;
83552;30/04/1978;0000;0;1.566667;5;86.4;;;241;3.844444;3;107.6;;994.867778;30.336667;24.850667;20.14;80.808333;;
83552;31/05/1978;0000;0;1.736559;12;81.6;;;184.9;5.591398;7;45.4;;995.66129;27.232258;22.532258;18.470968;82.048387;;
83552;30/06/1978;0000;0;2.381111;5;85.3;;;207.5;4.055556;2;5.4;;997.474444;27.093333;22.288;18.296667;80.191667;;
83552;31/07/1978;0000;0;3.027957;8;121.9;;;270.5;3.064516;1;0.7;;994.304301;30.525806;25.416129;21.322581;79.927419;;
83552;31/08/1978;0000;0;3.233333;12;156.9;;;160;3.139785;1;10;;999.180645;27.348387;21.651613;16.580645;81.451613;;
83552;30/09/1978;0000;9;3.033333;12;134.1;;;143.3;4.833333;4;44.4;;994.947778;30.756667;25.210667;20.923333;84.041667;;
83552;31/10/1978;0000;14;2.064516;7;113.4;;;212.5;4.913978;11;158.1;;992.112903;32.974194;27.186452;22.516129;77.096774;;
83552;30/11/1978;0000;0;1.9;5;93.8;;;254.3;6.066667;11;179.5;;991.558889;31.996667;26.802;22.43;80.108333;;
83552;31/12/1978;0000;5;1.354839;5;84.9;;;221.2;5.88172;;137.6;;991.289247;32.532258;27.400645;23.474194;78.790323;;
83552;31/01/1979;0000;0;1.362319;9;38.5;;;;8.101449;15;218.6;;984.221739;31.091304;26.601739;23.53913;84.847826;;
83552;28/02/1979;0000;0;1.05;5;55.8;;;;5.513889;;34;;985.206944;32.466667;27.221667;23.129167;83.364583;;
83552;31/03/1979;0000;0;1.392857;9;63.4;;;187.8;5.821429;;126.1;;987.078571;31.682143;26.647857;22.942857;81.741071;;
83552;30/04/1979;0000;0;1.888889;7;58.6;;;180.8;4.814815;;38.6;;989.212346;28.959259;24.075556;20.674074;80.759615;;
83552;31/05/1979;0000;0;2.228571;9;48.9;;;;5.385714;;86.9;;989.774286;27.904348;23.311304;19.978261;;;
83552;30/06/1979;0000;0;;9;48.7;;;;4.910714;;0;;994.332143;25.021053;20.155789;16.731579;;;
83552;31/07/1979;0000;;;;;;;;;;0;;;25.290323;;;;;
83552;31/08/1979;0000;;;;;;;;;;0;;;30.596774;;;;;
83552;30/09/1979;0000;;;;;;;;;;0;;;28.843333;;;;;
83552;31/10/1979;0000;;;;;;;;;;0;;;34.46129;;;;;
83552;30/11/1979;0000;9;;5;;;;;4.666667;;46.9;;990.502778;32.623333;;;;;
83552;31/12/1979;0000;;;;;;;;;;0;;;32.541935;;;;;
83552;31/01/1980;0000;;;;;;;;;;0;;;;;;;;
83552;29/02/1980;0000;0;0.933333;5;34.2;;;;7.8;;53.4;;989.893333;31.626667;26.773333;23.673333;;;
83552;31/03/1980;0000;;;;;;;;;;0;;;;;;;;
83552;30/04/1980;0000;;;;;;;;;;0;;;;;;;;
83552;31/05/1980;0000;;;;;;;;;;0;;;;;;;;
83552;30/06/1980;0000;;;;;;;;;;0;;;;;;;;
83552;31/07/1980;0000;;;;;;;;;;0;;;;;;;;
83552;31/08/1980;0000;;;;;;;;;;3.1;;;;;;;;
83552;30/09/1980;0000;;;;;;;;;;68.5;;;;;;;;
83552;31/10/1980;0000;18;;9;;;;;4.969697;;43.4;;993.251515;;;;;;
83552;30/11/1980;0000;0;;7;;;;;7.068966;;77.6;;991.968966;;;;;;
83552;31/12/1980;0000;0;;5;;;;;6.558824;;39.6;;989.802941;;;;;;
83552;31/01/1981;0000;14;1.309859;5;37.3;;;;7.619718;16;157;;989.487324;32.216667;27.031667;23.808333;86.583333;;
83552;28/02/1981;0000;9;1.327586;5;36.2;;;;7.224138;;68.6;;991.460345;32.410526;26.996842;23.221053;;;
83552;31/03/1981;0000;18;1.584615;5;47.4;;;;5.615385;;69.3;;989.72;32.472727;27.012727;23.477273;;;
83552;30/04/1981;0000;0;2.512821;5;69.8;;;;5.089744;;58.7;;992.607692;31.130769;25.379231;21.35;78.586538;;
83552;30/06/1981;0000;9;2.753846;7;49.6;;;;5.553846;;58;;995.858462;25.809091;20.766364;17.063636;;;
83552;31/07/1981;0000;0;3.348485;7;86.2;;;;3.318182;;0;;998.827273;25.522727;19.757273;15.295455;;;
83552;31/08/1981;0000;9;3.1875;7;66.3;;;;3.6875;;50.4;;993.697917;29.08125;23.885;19.9;;;
83552;30/09/1981;0000;0;2.594203;7;94.3;;;;4.565217;;0.8;;995.065217;28.334783;22.507826;17.795652;;;
83552;31/10/1981;0000;0;1.898551;7;103.1;;;;5.666667;;8.4;;990.204348;33.165217;26.757391;22.021739;68.391304;;
83552;30/11/1981;0000;0;1.530303;5;73.4;;;;6.136364;;24.5;;988.036364;34.690909;28.264545;23.4;;;
83552;31/12/1981;0000;0;1.318182;5;90.6;;;;7.818182;;152.9;;989.365152;32.040909;26.787273;22.895455;;;
83552;31/01/1982;0000;0;1.612903;5;90.1;;;257.3;5.645161;11;31.7;;990.786022;34.058065;27.952903;23.583871;76.201613;;
83552;28/02/1982;0000;0;1.369048;7;41.1;;;132.5;7.333333;17;257.2;;992.519048;31.171429;26.325714;23.164286;85.75;;
83552;31/03/1982;0000;0;1.268817;5;39.1;;;126.7;8.236559;21;229.4;;991.619355;30.151613;25.710323;23.093548;88.387097;;
83552;30/04/1982;0000;0;1.844444;7;63.7;;;203.8;4.655556;6;51.3;;995.582222;29.886667;24.872414;21.58;81.091667;;
83552;31/05/1982;0000;0;2.258065;7;66.2;;;219.8;4.225806;8;107.4;;996.48172;27.780645;23.177692;19.380645;80.379032;;
83552;30/06/1982;0000;9;2.433333;7;49.7;;;154;6.277778;9;42.9;;996.278889;25.916667;22.297692;18.553333;84.55;;
83552;31/07/1982;0000;9;2.397849;7;76.1;;;229.1;3.806452;1;0.6;;996.146237;28.412903;23.336774;19.622581;77.258065;;
83552;31/08/1982;0000;0;2.402151;7;76.5;;;195.6;3.688172;5;37.3;;996.654839;28.7;22.937143;19.193548;78.5;;
83552;30/09/1982;0000;0;2.266667;5;90.5;;;183.4;4.8;4;47.6;;995.314444;30.716667;25.518462;21.043333;74.366667;;
83552;31/10/1982;0000;0;2.064516;7;93.7;;;215.3;5.741935;8;87;;992.327957;32.654839;26.707097;22.412903;75.298387;;
83552;30/11/1982;0000;0;1.622222;5;78.5;;;204.7;6.433333;9;103.3;;991.136667;32.973333;27.691724;23.72;77.983333;;
83552;31/12/1982;0000;0;1.430108;7;76.1;;;222.4;6.72043;13;127.1;;991.554839;32.993548;27.12;23.012903;77.475806;;
83552;31/01/1983;0000;18;1.236559;5;53.6;;;188.1;7.505376;20;351.5;;990.022581;32.745161;27.616129;24.377419;84.048387;;
83552;28/02/1983;0000;0;1.154762;7;57.4;;;205.3;5.904762;;68.2;;992.342857;32.678571;27.686429;24.021429;80.366071;;
83552;31/03/1983;0000;9;1.946237;7;63.8;;;213.7;5.55914;;120.4;;992.762366;31.687097;26.618065;23.170968;81.572581;;
83552;30/04/1983;0000;9;1.955556;7;54.2;;;203.4;5.411111;;80.3;;993.111111;31.213333;25.972;22.546667;83.2;;
83552;31/05/1983;0000;9;2.129032;7;46.7;;;143.6;6.419355;;68.8;;993.41828;28.729032;24.683871;22.006452;85.137097;;
83552;30/06/1983;0000;18;2.255556;7;38.7;;;118.4;6.8;;5.1;;998.38;23.033333;18.734;15.603333;85.475;;
83552;31/07/1983;0000;0;2.473118;7;66.5;;;193;5.11828;;52.9;;996.268817;25.803226;20.456129;16.477419;80.435484;;
83552;31/08/1983;0000;23;2.225806;7;97.5;;;101.8;2.688172;;2.1;;998.209677;27.890323;21.858065;17.232258;71.58871;;
83552;30/09/1983;0000;23;3.144444;7;108.9;;;135.5;5.633333;;10.7;;995.626667;29.303333;23.157333;18.583333;69.816667;;
83552;31/10/1983;0000;18;2.204301;7;122.1;;;223.7;5.408602;;54.3;;994.017204;31.977419;25.955484;21.370968;71.25;;
83552;30/11/1983;0000;0;1.888889;7;92;;;203.6;6.555556;;137.4;;993.937778;31.643333;26.032;22;75.141667;;
83552;31/12/1983;0000;0;1.408602;5;85.2;;;242;6.182796;;73.9;;992.054839;33.5;27.438065;23.222581;76.266129;;
83552;31/01/1984;0000;0;1.505376;5;74.9;;;177.5;7.354839;16;104;;992.395699;33.03871;27.222581;23.429032;80.846774;;
83552;29/02/1984;0000;0;1.241379;5;63.2;;;191.9;6.643678;15;115.5;;992.473563;32.8;26.983448;23.265517;82.241379;;
83552;31/03/1984;0000;0;1.419355;7;77.5;;;181.4;7.11828;;47.4;;991.988172;33.229032;27.808387;24.358065;80.629032;;
83552;30/04/1984;0000;14;2.188889;7;70.8;;;195.9;5.588889;;53.6;;995.397778;29.743333;24.333333;20.373333;79.833333;;
83552;31/05/1984;0000;0;2.247312;7;78.6;;;232.6;4.505376;;22.8;;994.55914;30.293548;24.696774;20.958065;79.016129;;
83552;30/06/1984;0000;9;2.211111;7;74.7;;;180.3;5.111111;;1.2;;997.464444;26.89;21.004667;16.77;78.258333;;
83552;31/07/1984;0000;0;2.419355;7;131.9;;;209.9;2.322581;;0;;996.2;29.212903;22.917419;18.532258;66.129032;;
83552;31/08/1984;0000;0;2.473118;7;118.2;;;158.8;4.591398;;146.5;;997.333333;27.43871;21.275484;16.187097;67.072581;;
83552;30/09/1984;0000;0;2.188889;7;110.5;;;213.6;3.455556;;117;;994.513333;30.936667;24.571333;19.663333;69.608333;;
83552;31/10/1984;0000;9;1.447312;7;105.1;;;249.5;5.258065;;46;;991.83871;34.612903;28.439355;23.858065;72.951613;;
83552;30/11/1984;0000;9;1.1;7;65;;;177.4;6.855556;;298.8;;992.013333;32.403333;27.017333;23.47;81.041667;;
83552;31/12/1984;0000;0;1.258065;5;52.9;;;168.3;7.784946;20;279.3;;990.949462;31.496774;26.239355;22.754839;83.701613;;
83552;31/01/1985;0000;0;1.107527;5;62.9;;;208.3;6.795699;;164.7;;990.193548;32.906452;27.105161;22.987097;80.991935;;
83552;28/02/1985;0000;0;0.952381;7;58.4;;;158.4;7.011905;15;130;;992.327381;32.707143;27.37;23.875;83.125;;
83552;31/03/1985;0000;0;1.172043;7;52;;;150.2;7.247312;18;173.5;;991.417204;31.851613;26.98;24.087097;86.104839;;
83552;30/04/1985;0000;0;1.795556;6;52;;;177.2;6.744444;;118.4;;993.465556;30.556667;25.531333;22.253333;84.891667;;
83552;31/05/1985;0000;23;1.870968;5;62.7;;;223.6;4.83871;;25.5;;995.534409;29.874194;24.718065;21.2;80.943548;;
83552;30/06/1985;0000;0;1.922222;7;78.7;;;229.8;3.766667;;0.3;;999.182222;27.27;21.019333;16.64;74.591667;;
83552;31/07/1985;0000;0;2.236559;7;98.3;;;243.7;3.11828;;51;;998.743011;27.248387;21.069032;16.709677;72.887097;;
83552;31/08/1985;0000;23;2.129032;7;86.1;;;128;3.623656;;13.6;;997.38172;27.687097;21.405161;16.841935;74.137097;;
83552;30/09/1985;0000;0;1.833333;7;93.7;;;151.2;4.677778;;58.9;;994.727778;31.183333;25.145333;20.7;74.891667;;
83552;31/10/1985;0000;0;1.303226;5;103.2;;;224.7;5.010753;;54.6;;992.097849;33.558065;27.192903;22.2;72.806452;;
83552;30/11/1985;0000;0;2.188889;6;127.8;;;241.7;5.055556;;65.2;;992.462222;34.753333;27.857333;23.033333;67.758333;;
83552;31/12/1985;0000;0;1.55914;7;150.6;;;280.9;4.849462;;60;;990.270968;36.783871;29.636774;23.822581;63.459677;;
83552;31/10/1992;0000;0;1.704918;5;112.7;;;193;5.42623;12;194.7;;992.652459;31.854839;26.360645;22.545161;;;
83552;30/11/1992;0000;0;1.15;6;116.7;;;199.5;5.933333;12;130.7;;992.288333;31.61;26.368667;22.333333;;;
83552;31/12/1992;0000;0;0.967742;3;114.1;;;264.2;5.725806;11;164.2;;991.417742;33.451613;27.696774;23.36129;;;
83552;31/01/1993;0000;0;1.274194;3;107.4;;;244.2;5.596774;14;118.7;;993.624194;32.887097;27.613548;23.496774;;;
83552;28/02/1993;0000;14;1.107143;4;113.6;;;225.5;4.089286;6;58.9;;993.307143;32.803571;26.740714;22.507143;;;
83552;31/03/1993;0000;9;0.758065;3;118.5;;;234.1;4.403226;;58;;994.669355;33.283871;27.731613;23.770968;;;
83552;30/04/1993;0000;0;0.983333;6;93.5;;;209.1;4.416667;;86.4;;994.588333;31.266667;26.096667;22.666667;;;
83552;31/05/1993;0000;0;1.741935;5;130.7;;;225.3;3.870968;;6.4;;996.1;28.545161;22.636129;18.409677;;;
83552;30/06/1993;0000;18;1.483333;7;126.3;;;222;3.933333;;3.1;;997.958333;28.076667;22.411333;18.466667;;;
83552;31/07/1993;0000;0;1.903226;7;161.1;;;190.5;4.870968;;10.9;;998.745161;27.203226;20.884516;16.148387;;;
83552;31/08/1993;0000;18;1.645161;6;181.2;;;173;4.193548;;17.1;;998.582258;27.958065;21.830323;17.196774;;;
83552;30/09/1993;0000;18;1.95;8;211.6;;;165.4;4.633333;;12.6;;995.258333;31.19;24.773333;20.11;;;
83552;31/10/1993;0000;9;1.693548;7;212.9;;;224.6;4.532258;8;45.9;;993.959677;34.319355;27.696129;22.990323;;;
83552;30/11/1993;0000;5;1.316667;6;183.1;;;217.2;5.433333;;41.5;;991.855;35.22;28.677333;24.093333;;;
83552;31/01/1994;0000;0;1.169492;5;168.4;;;242.2;5.322034;;26.5;;991.10678;35.07;28.36;23.416667;;;
83552;28/02/1994;0000;0;1.142857;5;118.4;;;194.1;6.928571;10;96.9;;992.883929;34.15;27.677857;23.846429;;;
83552;31/03/1994;0000;0;1.548387;5;138;;;247.7;4.274194;;209.8;;993.648387;32.980645;26.765161;22.351613;;;
83552;30/04/1994;0000;0;1.35;4;136.5;;;237.4;3.533333;;14.3;;995.333333;32.89;26.482;21.76;;;
83552;31/05/1994;0000;9;2.064516;7;154.3;;;236.7;3.193548;;61.5;;996.087097;31.129032;25.148387;21.093548;;;
83552;30/06/1994;0000;9;2.333333;7;125.4;;;218.3;4.233333;;60.8;;997.856667;28.623333;22.918;19.013333;;;
83552;31/07/1994;0000;5;2.258065;6;155.8;;;225.1;3.693548;3;42.2;;998.969355;26.925806;21.197419;16.86129;;;
83552;31/08/1994;0000;5;2.195161;8;218.8;;;255.3;2;;3.4;;997.424194;31.032258;24.111613;18.719355;;;
83552;30/09/1994;0000;0;1.75;8;214.9;;;207.1;4.633333;5;31.6;;995.221667;33.203333;26.509333;21.516667;;;
83552;31/10/1994;0000;5;1.419355;6;201.9;;;214.3;5.419355;;72.7;;992.774194;33.858065;28.161935;23.919355;;;
83552;30/11/1994;0000;9;1.533333;5;177.4;;;246.8;4.75;;132;;992.145;34.416667;28.158667;23.633333;;;
83552;31/01/1995;0000;36;1.322034;4;78.7;;;175.8;7.186441;;249.8;;991.981356;32.32;27.208667;23.79;;;
83552;28/02/1995;0000;5;1.410714;6;86.7;;;192.5;6.446429;15;194.2;;992.825;32.553571;27.210714;23.75;;;
83552;31/03/1995;0000;0;1.241935;4;107.9;;;229.6;4.225806;;47;;992.93871;32.906452;27.532903;23.848387;;;
83552;30/04/1995;0000;0;1.483333;6;99.4;;;212.1;3.483333;;82.5;;994.765;29.53;24.178667;20.5;;;
83552;31/05/1995;0000;0;1.306452;5;99.2;;;214.8;4.241935;;23.6;;997.653226;28.187097;22.287097;18.516129;;;
83552;30/06/1995;0000;0;1.566667;5;113.7;;;232.9;3.7;;1.5;;997.596667;28.7;22.906;18.876667;;;
83552;31/07/1995;0000;0;2.145161;5;136.9;;;258.3;2.935484;;6.5;;996.485484;29.203226;23.151613;19.016129;;;
83552;31/08/1995;0000;0;2.532258;7;189.6;;;208.9;2.209677;;0;;996.117742;30.558065;23.814839;18.803226;;;
83552;30/09/1995;0000;9;2.283333;7;222.7;;;159.9;5.533333;;0;;995.95;32.596667;25.974667;21.14;;;
83552;31/10/1995;0000;18;2.322581;6;165;;;201;5.387097;;148.9;;992.91129;33.090323;26.444516;21.590323;;;
83552;30/11/1995;0000;18;1.9;5;158.9;;;229;5.35;;104.8;;992.343333;33.783333;27.702;23.226667;;;
83552;31/01/1996;0000;9;1.789474;5;100.8;;;184.6;7.192982;;127.9;;991.082456;33.117241;27.398621;23.837931;;;
83552;29/02/1996;0000;0;1.827586;5;97.2;;;203.3;6.392857;11;85.8;;992.265517;33;27.276552;23.713793;;;
83552;31/03/1996;0000;36;1.516129;4;95.7;;;211.6;4.967742;;124.9;;992.835484;32.887097;27.225806;23.664516;;;
83552;30/04/1996;0000;9;1.588333;7;108.6;;;250.2;3.483333;;62.7;;994.616667;32.23;26.110667;22.126667;;;
83552;31/05/1996;0000;9;1.854839;6;101.4;;;217.3;4.612903;;83.1;;997.083871;29.812903;24.134839;20.758065;;;
83552;30/06/1996;0000;23;2.516667;6;95.9;;;209.1;3.833333;;0;;1000.615;25.18;19.399333;15.613333;;;
83552;31/07/1996;0000;0;2.177419;6;157.4;;;268.1;2.274194;;19.2;;999.956452;28.43871;21.229032;15.706452;;;
83552;31/08/1996;0000;14;2.370968;7;201.9;;;224;3.66129;;3.8;;996.080645;32.196774;25.687742;21.380645;;;
83552;30/09/1996;0000;0;2.183333;6;154;;;210;3.983333;;133.8;;996.321667;30.036667;23.478667;18.596667;;;
83552;31/10/1996;0000;9;2.145161;5;150.8;;;241.3;3.83871;;142.1;;993.179032;32.677419;26.588387;22.241935;;;
83552;30/11/1996;0000;9;1.883333;6;72.9;;;212;6.033333;;177.8;;991.55;32.39;26.640667;22.766667;;;
83552;31/12/1996;0000;;;;;;;;;1;9;;;;;;;;
83552;31/01/1997;0000;9;1.639344;5;96.9;;;188.6;6.262295;;136.2;;990.352459;33.116129;27.323871;23.780645;;;
83552;28/02/1997;0000;0;1.428571;6;72;;;184;6.660714;;146.6;;993.485714;32.839286;26.877143;23.2;;;
83552;31/03/1997;0000;23;1.290323;4;108.7;;;230.1;5.790323;;60.4;;992.924194;32.774194;26.728387;22.970968;;;
83552;30/04/1997;0000;14;1.716667;6;97.5;;;231.2;3.9;;128.9;;995.236667;31.083333;25.352;21.516667;;;
83552;31/05/1997;0000;9;1.645161;5;110.9;;;215.6;3.887097;;38.9;;997.848387;28.677419;23.291613;19.664516;;;
83552;30/06/1997;0000;9;2.326667;5;93.8;;;165.4;5.366667;;87.9;;994.568333;27.03;22.376;19.386667;;;
83552;31/07/1997;0000;27;2.193548;5;133.8;;;262.3;2.403226;;0.2;;998.379032;29.193548;23.17871;18.793548;;;
83552;31/08/1997;0000;9;2.467742;6;155.3;;;170.7;4.612903;;13.6;;998.646774;29.245161;23.189677;19;;;
83552;30/09/1997;0000;9;1.766667;7;177.3;;;205.2;3.645833;;35.1;;992.798333;34.59;28.269333;24.11;;;
83552;31/10/1997;0000;36;2.048387;5;185.3;;;245.1;4;;39;;991.479032;35.132258;28.592903;24.212903;;;
83552;30/11/1997;0000;0;2.483333;5;178.1;;;214.6;5.833333;;52.5;;991.413333;35.34;29.146;25.23;;;
83552;31/12/1997;0000;;;;;;;;;1;11.9;;;;;;;;
83552;31/01/1998;0000;14;1.557377;5;121.8;;;221.5;6.04918;;196.7;;991.504918;34.374194;28.815484;25.33871;;;
83552;28/02/1998;0000;0;1.714286;5;101.9;;;157.9;6.446429;;134.4;;993.294643;33.257143;28.017857;24.692857;;;
83552;31/03/1998;0000;18;1.596774;5;104.6;;;201.3;6.129032;;167.3;;993.816129;32.890323;27.177419;23.587097;;;
83552;30/04/1998;0000;9;1.833333;5;88.8;;;176;5.883333;;118.7;;994.486667;31.246667;26.078667;22.97;;;
83552;31/05/1998;0000;18;1.951613;7;128.7;;;186.4;4.629032;;15.8;;998.753226;27.493548;21.753548;18.045161;;;
83552;30/06/1998;0000;9;2.2;8;103.2;;;202.7;4.666667;;12.8;;999.49;27.96;21.84;17.443333;;;
83552;31/07/1998;0000;9;2.096774;7;163.2;;;261.6;3.467742;;0.1;;997.770968;30.783871;24.196129;19.825806;;;
83552;31/08/1998;0000;0;2.227419;7.1;115.9;;;146.2;6.064516;;97.3;;996.262903;29.116129;23.267742;19.109677;;;
83552;30/09/1998;0000;0;2.266667;5;139.1;;;179.3;5.266667;;65.2;;995.753333;30.073333;23.753333;19.08;;;
83552;31/10/1998;0000;0;1.709677;4;160.4;;;227.9;5.096774;;53;;994.264516;33.048387;26.665806;22.093548;;;
83552;30/11/1998;0000;9;1.830189;5;129.1;;;;6.188679;;101.5;;991.598113;34.280769;28.048462;23.6;;;
83552;31/12/1998;0000;;;;;;;;;1;1.4;;;;;;;;
83552;31/01/1999;0000;5;1.508197;4;129.1;;;250.9;5.360656;;119.8;;991.344262;33.529032;27.96129;23.874194;;;
83552;28/02/1999;0000;5;1.946429;3;100.1;;;188.8;6.660714;;116.5;;992.282143;33.814286;28.066429;24.135714;;;
83552;31/03/1999;0000;9;1.741935;6;83.3;;;172;7.177419;15;144.9;;991.775806;32.354839;26.86;23.7;;;
83552;30/04/1999;0000;18;2.25;5;122.6;;;248.2;4.5;;18.1;;996.653333;31.12;24.906;20.446667;;;
83552;31/05/1999;0000;0;2.032258;5;152.1;;;251;3.887097;;6.2;;997.658065;29.7;23.239355;18.503226;;;
83552;30/06/1999;0000;9;2.2;5;139.5;;;209.1;4.1;;49.6;;997.213333;28.25;22.333333;17.69;;;
83552;31/07/1999;0000;0;2.451613;5;157.1;;;247.7;3.33871;;4.4;;999.516129;27.619355;21.26129;16.26129;;;
83552;31/08/1999;0000;18;2.096774;5;261.5;;;174.8;3.571429;;0;;998.401613;30.26129;23.467097;17.893548;;;
83552;30/09/1999;0000;9;1.766667;5;266.8;;;208.7;3.863636;;8.1;;992.96;34.703333;27.886667;23.006667;;;
83552;31/10/1999;0000;0;1.767742;6;265.4;;;204;4.745763;;31.1;;993.354839;34.441935;27.851613;22.877419;;;
83552;30/11/1999;0000;0;1.936709;5;230.5;;;195.5;4.7875;;82;;991.550633;33.393333;26.598;21.126667;59.342105;;
83552;31/12/1999;0000;9;2.494624;6;156;;;229;5.344086;;270.1;;989.975269;33.541935;27.807742;23.290323;75.274194;;
83552;31/01/2000;0000;0;2.236559;5;190.8;;;262.5;5.354839;8;62.8;;990.169892;35.209677;28.896774;24.525806;71.370968;;
83552;29/02/2000;0000;36;2.678161;5;130.3;;;169.6;6.942529;15;118.8;;992.43908;33.448276;27.498621;24.003448;79.663793;;
83552;31/03/2000;0000;27;2.397849;6;81.2;;;138.6;7.376344;19;151.1;;992.489247;31.412903;25.996129;22.967742;87.153226;;
83552;30/04/2000;0000;9;2.255556;5;132.9;;;246.5;3.777778;10;95.8;;995.172222;32.653333;25.943333;21.493333;79.241667;;
83552;31/05/2000;0000;23;2.892473;5;134.8;;;224.2;4.494624;4;13;;997.087097;29.103226;23.376129;19.612903;77.637097;;
83552;30/06/2000;0000;9;2.933333;6;120.5;;;195.1;5.888889;6;21.4;;996.734444;28.036667;22.779333;19.096667;77.333333;;
83552;31/07/2000;0000;5;2.903226;6;150.7;;;214.7;4.72043;5;122.5;;999.217204;25.067742;18.299355;13.458065;68.209677;;
83552;31/08/2000;0000;9;2.772043;8;162.4;;;210.6;4.763441;7;129.4;;996.156989;30.441935;23.980645;19.174194;69.217742;;
83552;30/09/2000;0000;9;3.033333;6;160.2;;;192.4;5.577778;7;76.5;;995.283333;30.056667;23.926;19.473333;71.1;;
83552;31/10/2000;0000;36;2.623656;5;191.3;;;219.2;5.11828;6;88.3;;993.426882;34.751613;27.914839;23.33871;70.201613;;
83552;30/11/2000;0000;36;2.842857;5;150.2;;;232;5.642857;10;237.4;;991.282857;33.06;26.818667;21.893333;;;
83552;31/12/2000;0000;36;2.522581;7;163;;;233.3;5.532258;9;108.8;;991.983871;33.745161;27.526452;23.206452;;;
83552;31/01/2001;0000;36;2.290323;5;129.5;;;242.6;6.053763;18;207.1;;993.189247;33.245161;27.576129;23.535484;78.467742;;
83552;28/02/2001;0000;0;1.880952;5;105.8;;;159.4;7.392857;16;150.7;;992.563095;33.789286;27.8;24.253571;79.428571;;
83552;31/03/2001;0000;0;1.967742;6;97.8;;;195.8;6.311828;15;148.8;;993.715054;32.729032;26.844516;23.435484;81.830645;;
83552;30/04/2001;0000;0;2.314444;5;143.1;;;228;4.277778;5;40.5;;994.932222;33.006667;26.537333;21.903333;74.4;;
83552;31/05/2001;0000;9;2.630769;6;112.5;;;182;5.246154;8;83.4;;997.363077;28.251613;22.200645;18.056667;;;
83552;30/06/2001;0000;9;2.56;6;151.7;;;217.5;3.333333;5;8;;;27.856667;21.002;16.516667;;;
83552;31/07/2001;0000;5;2.758065;7;185.4;;;237.3;3.354839;5;22.5;;997.566129;30.622581;23.399355;18.458065;;;
83552;31/08/2001;0000;9;3;6;291.7;;;256.5;2.516129;2;6.3;;997.624194;34.787097;26.731613;21.316129;;;
83552;30/09/2001;0000;9;3.216667;8;289.8;;;200.1;3.8;2;24.9;;994.8;34.59;27.338;21.823333;;;
83552;31/10/2001;0000;9;2.725806;6;217.2;;;200.2;4.5;12;124.4;;993.701613;34.009677;27.703226;23.245161;;;
83552;30/11/2001;0000;9;2.716667;8;140.8;;;;5.166667;15;117.3;1009.62931;992.246667;33.003333;27.076;23.183333;;;
83552;31/12/2001;0000;9;2.483871;4;146.1;;;;5.354839;16;157.7;1009.32807;992.267742;32.948387;27.059355;23.325806;;;
83552;31/01/2002;0000;14;2.532258;6;193.2;;;;3.645161;10;71.7;;992.024194;34.703226;28.68;24.554839;;;
83552;31/03/2002;0000;9;2.557695;5;;;;;4.180556;7;56.5;1011.02449;993.083333;34.025;28.166154;24.566667;;;
83552;30/04/2002;0000;5;2.133333;5;167.4;;;;3.466667;1;10.5;;993.771667;34.233333;27.781333;23.36;;;
83552;31/05/2002;0000;;;4;;;;;;2;7.3;;994.818421;33.210526;27.101053;23.052632;;;
83552;30/06/2002;0000;23;3.533333;8;126.7;;;;2.9;1;6.5;1017.42;999.425;29.076667;22.319333;17.68;;;
83552;31/07/2002;0000;23;3.032258;10;181.6;;;;4.032258;5;1.5;;999.109677;28.512903;21.636774;16.883871;;;
83552;31/08/2002;0000;9;3.308315;8;228.4;;;;3.282258;5;19.6;;996.480645;33.251613;26.409677;21.529032;;;
83552;30/09/2002;0000;9;2.95;9;231.6;;;;3.416667;6;11.6;;995.948333;33.006667;25.968;20.793103;;;
83552;31/10/2002;0000;9;3.483871;9;242.9;;;;2.790323;3;34.3;1009.5;992.253226;37.235484;29.599355;24.806452;;;
83552;30/11/2002;0000;5;3.416667;8;234.5;;;;3.966667;7;70.7;;992.615;36.533333;29.354667;24.44;;;
83552;31/12/2002;0000;5;2.870968;8;197;;;;4.786885;10;24.7;;992.591935;36.809677;30.019355;25.170968;;;
83552;31/01/2003;0000;5;2.451613;8;111.4;187.224633;187.224633;;5.951613;16;288.9;;992.272581;33.774194;28.266452;24.36129;;;
83552;31/03/2003;0000;9;2.315789;8;90.3;153.826192;153.826192;;4.824561;11;253.5;;994.191228;33.003448;27.097241;23.562069;;;
83552;30/04/2003;0000;23;2.370517;12;92.6;110.596059;110.596059;;4.020833;8;77.3;;996.388333;30.78;25.302667;21.196667;;;
83552;31/05/2003;0000;9;2.489461;7;136.4;87.333535;87.333535;;3.516129;5;79.1;;997.622581;29.229032;23.519355;19.141935;;;
83552;30/06/2003;0000;9;2.504332;5;115.4;86.129818;65.570406;;1.854167;2;2.4;1015.125;997.365;29.69;23.737333;19.61;;;
83552;31/07/2003;0000;5;3.235062;9.25992;152.6;69.424979;21.6;;2.596774;2;21.6;;999.280645;28.716129;22.054839;16.909677;;;
83552;31/08/2003;0000;23;3.624277;9;211.7;75.14734;34.8;;3.408602;6;34.8;;999.494624;28.625806;22.190323;17.454839;72.024194;;
83552;30/09/2003;0000;5;2.933333;8;164.6;;;;3.866667;8;95.9;;996.11;32.243333;25.450667;20.606667;78.133333;;
83552;31/10/2003;0000;5;3.290323;9;177.1;;;;4.172043;8;53.4;;993.378495;34.203226;27.843871;23.358065;80.120968;;
83552;30/11/2003;0000;5;2.777778;5;174.4;;;;4.411111;6;65.7;;991.865556;34.67;27.869333;22.876667;80.041667;;
83552;31/12/2003;0000;5;3.032097;10.2888;64.3;;;;5.9375;15;125.1;1009.075;991.078261;34.341935;28.050968;24.109677;86.967742;;
83552;31/01/2004;0000;5;2.279116;5.1;181.3;;;;4.408602;11;43.7;;989.933333;36.903226;29.693548;24.906452;81.177419;;
83552;29/02/2004;0000;5;2.328736;5.1;129.5;;;;4.54023;10;215.9;;992.835632;33.696552;27.365517;23.1;82.655172;;
83552;31/03/2004;0000;5;1.934288;10;135.4;;;;3.666667;9;126.6;;992.573118;34.245161;27.833548;23.348387;80.532258;;
83552;30/04/2004;0000;5;2.44;8.2;103.6;;;;4.372222;10;142;;993.794444;33.086667;26.811333;22.893333;84.491667;;
83552;31/05/2004;0000;23;2.774194;12.3;68.3;;;;6.344086;12;90.7;1017.14086;999.089247;24.703226;19.78;16.512903;87.887097;;
83552;30/06/2004;0000;5;2.502222;5.1;107;;;;3.788889;4;27.9;;998.953333;28.586667;22.569333;18.67;82.208333;;
83552;31/07/2004;0000;9;3.537634;10.3;124.7;;;;3.978495;6;27.3;;998.16129;26.880645;21.155484;16.922581;84.443548;;
83552;31/08/2004;0000;9;2.929843;14;175.6;;;;2.360215;2;0.3;;998.230108;31.522581;24.053548;18.019355;71.314516;;
83552;30/09/2004;0000;9;2.851111;14;219.4;;;191.5;2.011111;2;16.9;1012.17;994.734444;34.863333;26.765333;21.103333;54.166667;;
83552;31/10/2004;0000;9;3.029032;7.2;162.7;;;205;4.709677;12;99.2;;992.766667;33.964516;27.063226;22.164516;67.862903;;
83552;30/11/2004;0000;5;2.639081;14;127.6;;;225.8;4.733333;11;151.3;;992.262222;33.1;26.72;21.8;71.308333;;
83552;31/12/2004;0000;5;2.229032;6;138.1;;;255.3;4.19086;11;220.1;;991.541935;34.845161;28.282581;23.254839;72.072581;;
83552;31/01/2005;0000;5;2.286022;9;72.7;;;158.9;7.096774;18;203.5;;990.151613;33.119355;27.467742;23.9;83.25;;
83552;28/02/2005;0000;23;2.285714;14;93.4;;;219.6;4.619048;6;150.8;1010.05;992.690476;34.310714;27.912143;23.096429;74.098214;;
83552;31/03/2005;0000;5;2.102326;6;98.2;;;212.3;3.988372;9;96.2;1010.82093;993.438372;33.593103;27.247857;22.546429;76.62931;;
83552;30/04/2005;0000;5;2.555556;14;107.3;;;201.2;4.533333;4;41.8;;995.601111;32.243333;25.547333;21.173333;77.375;;
83552;31/05/2005;0000;5;2.935484;8;128.6;;;202.7;4.526882;5;14.3;;995.086022;31.809677;24.885161;20.303226;76.112903;;
83552;30/06/2005;0000;5;3.211111;7;127.7;;;205.4;4.8;3;13.2;;996.63;31.266667;24.525333;20.493333;73.775;;
83552;31/07/2005;0000;5;2.967742;7;179.9;;;240.9;3.408602;4;13.1;1017.86129;999.852688;29.235484;21.636774;16.341935;59.556452;;
83552;31/08/2005;0000;5;3.075269;14;262.2;;;220.6;1.752688;1;1.1;;996.154839;33.683871;25.31871;19.683871;51.524194;;
83552;30/09/2005;0000;23;2.992222;14;214.8;;;172.3;4.055556;5;38.3;;996.561111;31.106667;23.647333;17.993333;60.433333;;
83552;31/10/2005;0000;5;2.55914;10;148.8;;;214.2;4.956989;9;51;;993.347312;34.53871;27.095484;21.374194;71.290323;;
83552;30/11/2005;0000;36;2.471429;8;156.7;;;206.4;5.414286;8;50.9;;993.29;35.003333;28.257333;23.353333;;;
83552;31/12/2005;0000;5;2.547945;5;115.5;;;242.6;5.561644;17;180.1;;993.19589;34.054839;27.853548;23.3;;;
83552;31/01/2006;0000;5;2.591398;5;94.5;;;199.1;6.225806;18;132;;994.297849;33.829032;27.490323;23.203226;81.814516;;
83552;28/02/2006;0000;5;2.511905;5;123.3;;;214.9;5.178571;9;69.2;;993.875;34.503571;28.275;23.65;76.625;;
83552;31/03/2006;0000;5;2.305556;5;88.2;;;192.5;6.194444;15;138.9;;994.663889;33.751613;;23.541935;;;
83552;30/04/2006;0000;5;2.425287;6;95.4;;;200.1;4.666667;8;60.2;;996.372414;32.236667;25.842857;21.246667;82.4375;;
83552;31/05/2006;0000;5;2.513978;6;137.4;64.338078;60.4;251.2;2.591398;4;60.4;;;28.035484;21.423871;15.83871;70.064516;;
83552;30/06/2006;0000;5;2.722222;5;121.3;87.316817;3.7;222.1;3.4;3;3.7;;999.783333;30.046667;23.876667;19.08;70.941667;;
83552;31/07/2006;0000;5;3.156627;6;168.6;98.652237;24.4;265.7;2.120482;2;24.4;;;30.806452;24.603;20.335484;68.2;;
83552;31/08/2006;0000;5;3.447059;14;203.6;106.305875;0.7;243.5;2.835294;1;0.7;;998.184706;31.848387;24.995833;19.7;55.8125;;
83552;30/09/2006;0000;5;3.233333;9;177.7;119.57546;43.1;188.6;4.177778;6;43.1;;997.771111;32.333333;25.559333;19.92;61.3;;
83552;31/10/2006;0000;5;2.924731;9;126.5;163.290955;120.4;210.5;5.193548;9;120.4;;994.239785;33.874194;27.585161;22.183871;75.306452;;
83552;30/11/2006;0000;5;3;10;147.9;162.10971;162.10971;208.3;4.914286;10;196.5;;993.878571;33.57;27.428;21.95;;;
83552;31/12/2006;0000;5;2.892473;9;85.1;170.495212;170.495212;175.3;6.408602;17;232.7;;994.004301;32.790323;27.402581;22.825806;84.032258;;
83552;31/01/2007;0000;5;2.763441;6;76.4;169.131817;169.131817;174.7;6.806452;19;212.9;;993.380645;33.280645;27.370968;22.829032;84.83871;;
83552;28/02/2007;0000;5;2.64;6;74.1;149.834885;149.834885;180.7;6.2;12;80;;994.258667;33.057143;27.584444;23.485714;85.194444;;
83552;31/03/2007;0000;5;2.354839;5;107.6;157.549356;154.065115;243.4;4;9;123.9;1012.6;996.248387;34.312903;;23.148387;;;
83552;30/04/2007;0000;5;2.771667;5;120.5;145.345713;46.3;253.4;3.883333;5;46.3;1013.43;996.975;33.233333;;22.533333;;;
83552;31/05/2007;0000;27;2.806452;5;111.5;144.166021;64.2;198.2;4.806452;4;64.2;;1000.16129;27.619355;;17.535484;;;
83552;30/06/2007;0000;9;3.083333;10;139.5;136.411591;0;257.9;2.783333;0;0;;1000.065;29.483333;;18.303333;;;
83552;31/07/2007;0000;9;2.806452;6;175.3;142.137344;18.7;232.6;3.935484;2;18.7;;;28.267742;;16.093548;;;
83552;31/08/2007;0000;5;3.291667;10;208.7;147.198708;3.8;236.5;2.458333;2;3.8;;;28.941935;;16.316129;;;
83552;30/09/2007;0000;9;3.022222;10;283.3;171.690737;0.1;196.4;0.877778;1;0.1;;996.767778;36.396667;28.624667;22.64;45.95;;
83552;31/10/2007;0000;9;2.424303;8;162.6;169.178246;169.178246;169.8;4.048913;9;173.2;;994.503261;34.777419;27.782667;22.941935;69.15;;
83552;30/11/2007;0000;23;2.545728;6;112.1;143.581755;127.521754;193.1;5.588889;14;123.5;;993.628889;32.753333;26.387333;21.336667;77.425;;
83552;31/12/2007;0000;5;2.305376;5;126.8;;;221;5.236559;14;193.8;;993.425806;33.251613;27.262581;22.496774;77.693548;;
83552;31/01/2008;0000;23;2.079365;5;80.6;169.131817;169.131817;156.9;6.825397;23;239.6;;993.750794;32.619355;;24.5;;;
83552;29/02/2008;0000;5;2.5;5;107.2;153.351535;153.351535;198;5.827586;13;208.3;;995.374138;33.134483;;24.068966;;;
83552;31/03/2008;0000;27;2.354839;4;123.9;157.309744;144.9;236.8;4.919355;8;44.9;;995.574194;33.158065;;24.358065;;;
83552;30/04/2008;0000;5;2.7;5;114.8;145.125924;79.2;219.3;4.4;7;79.2;;995.941667;31.093333;;21.763333;;;
83552;31/05/2008;0000;5;3.215916;10;108.3;83.652131;83.652131;194.6;4.421875;6;116.2;;999.42375;28.103226;23.722105;19.393548;75.460526;;
83552;30/06/2008;0000;23;2.922222;12;98.4;53.745705;13.937046;190.8;4.566667;1;0.5;;;26.846667;20.698667;16.653333;75.433333;;
83552;31/07/2008;0000;5;2.795312;5;207.5;113.949378;13.558923;274.4;2.041096;1;0.6;1017.19726;999.609589;32.303226;25.724516;21.780645;;;
83552;31/08/2008;0000;5;2.752688;5;223.4;127.357132;45.434479;268.5;2.731183;3;41.9;;996.666667;32.745161;26.098065;21.609677;60.185484;;
83552;30/09/2008;0000;9;3.355556;6;244.3;119.761513;19.770392;228.8;3.366667;4;18.1;;998.227778;32.926667;25.620667;20.446667;50.8;;
83552;31/10/2008;0000;5;2.817204;7;178.1;171.413125;92.021132;219.3;4.462366;7;91.5;;995.717204;34.835484;27.980645;23.425806;66.798387;;
83552;30/11/2008;0000;5;2.391111;5;163.4;186.63178;116.614892;;4.233333;11;116.4;;993.463333;36.116667;28.583333;23.383333;67.983333;;
83552;31/12/2008;0000;9;2.344086;5;163.8;193.905227;85.639638;265.6;4.451613;9;100.5;;992.880645;35.745161;28.525806;23.780645;67.112903;;
83552;31/01/2009;0000;23;2.096774;5;180.9;183.649504;116.934756;260.7;4.451613;8;116.9;;994.645161;35.396774;28.137419;22.393548;64.935484;;
83552;28/02/2009;0000;9;2.151899;4;;157.067352;157.067352;168.4;5.658228;16;179.3;;994.231646;34.575;28.013077;23.603571;77.58;;
83552;31/03/2009;0000;27;1.892473;4;105.7;167.129992;167.129992;196.7;5.354839;12;169;;994.763441;34.683871;27.914194;23.919355;78.983871;;
83552;30/04/2009;0000;9;1.764045;4;155.9;154.184242;51.067514;274.9;2.595506;3;34.2;1014.36092;996.82809;35.613333;27.798621;22.566667;64.310345;;
83552;31/05/2009;0000;5;2.44086;5;149.5;112.566133;43.848671;200.8;4.11828;4;40.1;;997.855914;32.480645;25.350968;20.535484;69.774194;;
83552;30/06/2009;0000;23;2.818182;6;118.3;63.707878;30.715654;205.6;4.136364;4;29.7;1018.37093;;28.786667;21.715714;16.333333;70.875;;
83552;31/07/2009;0000;5;2.526882;6;127.8;73.631073;61.688672;213.7;4.301075;9;61.4;;999.604301;29.925806;22.280645;16.96129;71.508065;;
83552;31/08/2009;0000;9;2.741935;12;175.5;102.165141;20.648994;249.6;3.408602;6;19.4;;997.951613;32.683871;24.533548;18.293548;59.120968;;
83552;30/09/2009;0000;23;2.865169;7;201.9;118.057398;10.042593;212.3;3.910112;4;9.4;;997.648315;32.896667;25.500667;19.686667;58.301724;;
83552;31/10/2009;0000;9;2.462366;6;196.7;187.721902;103.68624;257;3.634409;7;103.5;;993.501075;36.006452;28.683871;23.074194;62.572581;;
83552;30/11/2009;0000;5;2.518072;6;168.9;222.716593;47.316565;242.6;4.373494;6;47.2;;991.766265;37.266667;30.194;25.913333;68.543478;;
83552;31/12/2009;0000;5;2.333333;5;115;180.863091;180.863091;214.6;5.784946;14;258.4;;993.134409;33.8;27.934839;23.529032;76.403226;;
83552;31/01/2010;0000;9;2.021739;5;92.3;171.155197;171.155197;203.4;6.163043;15;209.5;;993.86087;32.990323;27.524667;23.16129;78.725;;
83552;28/02/2010;0000;5;2.378049;5;;164.538475;151.699972;176.5;5.292683;14;109.2;;994.064634;33.932143;28.260769;24.475;80.317308;;
83552;31/03/2010;0000;9;2.049462;5;137.1;187.490647;126.82561;258.8;3.236559;6;91.3;;994.711828;35.141935;28.845806;24.129032;72.362903;;
83552;30/04/2010;0000;5;2.785714;12;142.6;127.148743;24.138921;255;3;3;8.9;;997.582857;32.31;26.248667;21.63;;;
83552;31/05/2010;0000;5;2.824176;12;111.3;67.329405;67.329405;221.8;4.472527;8;77.4;;999.551648;28.2;21.755484;16.748387;72.275862;;
83552;30/06/2010;0000;9;2.568182;5;;82.636022;11.949795;244.2;2.840909;1;2.7;;;30.286667;23.344286;18.056667;68.526786;;
83552;31/07/2010;0000;23;3.097826;10;171.6;63.432724;10.641484;208.5;3.565217;4;7.4;;;28.132258;21.374667;15.958065;61.783333;;
83552;31/08/2010;0000;9;2.859155;7;253.7;147.198708;3.324697;195.5;3.943662;0;0;1017.59322;999.23662;;;;;;
83552;30/09/2010;0000;9;2.858824;5;;149.271783;34.777147;148.7;3.686275;4;34.1;;;;;;54.548077;;
83552;31/10/2010;0000;5;2.617978;10;163.3;161.360545;73.882713;207.5;4.58427;9;73.7;;995.586517;34.096774;;;62.660714;;
83552;30/11/2010;0000;5;2.275;6;;162.10971;97.262195;250.2;4.5;9;97.6;;994.063095;33.726667;;;64.898148;;
83552;31/12/2010;0000;9;2.460051;5.1444;;170.495212;50.847499;262.7;4.07337;11;50.8;;991.648913;36.603226;;;62.8;;
83552;31/01/2011;0000;5;2.43391;4.11552;;169.131817;169.131817;215.3;5.77957;17;249.8;;993.295699;33.851613;;;78.862903;;
83552;28/02/2011;0000;9;2.282003;5.1444;;148.063551;148.063551;130.6;6.826923;21;345.4;;994.851282;31.774074;;;84.57;;
83552;31/03/2011;0000;27;2.294284;5.1444;;157.549356;157.549356;168.8;5.818966;19;242.1;;993.997701;31.683333;;;83.942308;;
83552;30/04/2011;0000;5;2.762947;7.20216;;145.36565;128.415721;212.6;4.058989;7;80.9;;996.646067;32.216667;;;77.37069;;
83552;31/05/2011;0000;23;2.846568;6.17328;;144.185797;41.646942;219.7;2.888889;3;1.8;;;28.51;;;70.803571;;
83552;30/06/2011;0000;23;3.032893;6.17328;;136.430303;13.37259;199;3.936567;2;4.1;;;27.758621;;;;;
83552;31/07/2011;0000;23;2.98661;7.20216;;142.156841;14.052839;215.4;3.503521;4;11.6;;999.318056;28.890323;;;;;
83552;31/08/2011;0000;9;3.153741;7.20216;;147.218899;20.15765;239;3.92663;4;19.5;;999.194565;30.858065;;;59.104839;;
83552;30/09/2011;0000;23;2.693585;5.1444;;149.292259;22.183063;233.2;2.879213;3;22;1016.285;998.580899;34.043333;;;60.95;;
83552;31/10/2011;0000;;;;;161.384068;136.415739;248.2;4.194444;7;136.4;;994.062366;34.364516;;;66.217742;;
83552;30/11/2011;0000;;;;;162.134823;44.838302;272.2;3.430556;5;44.8;;993.848889;36.896667;;;57.333333;;
83552;31/12/2011;0000;;;;;170.522362;93.009253;274;4.340659;8;93;;993.684946;36.758065;;;63.975806;;
83552;31/01/2012;0000;;;;;169.158391;107.903619;235.1;5.230978;15;107.9;;993.829348;34.745161;;;71.758333;;
83552;29/02/2012;0000;;;;;153.374525;93.601927;191.4;5.907738;14;93.6;;995.081395;34.078571;;;74.883929;;
83552;31/03/2012;0000;;;;;157.331724;110.800876;238.1;4.544118;11;110.8;;996.470588;33.893548;;;72.34375;;
83552;30/04/2012;0000;;;;;145.144487;145.144487;;4.375;9;182.1;;996.71875;33.191304;;;;;
83552;31/05/2012;0000;;;;;144.020712;95.325936;;3.75;7;77.1;1017.042;999.555556;30.577778;;;;;
83552;30/06/2012;0000;;;;;136.396053;59.687568;;4.088542;7;48.5;1018.2;;29.365217;;;;;
83552;31/07/2012;0000;;;;;142.264522;6.616983;;3.161765;1;0.6;1019.125;;28.703846;;;;;
83552;31/08/2012;0000;;;;;147.423749;1.485425;247;1.615385;;0;;;33.844444;;;;;
83552;30/09/2012;0000;;;;;149.524262;21.319085;215.5;2.440476;3;21;;997.746032;36.881481;;;;;
83552;31/10/2012;0000;;;;;161.610618;19.892451;238.6;4.402778;5;19.8;;994.05;37.236667;;;59.034483;;
83552;30/11/2012;0000;;;;;162.287097;162.287097;212.4;5.856742;15;224.7;;993.253333;34.633333;;;72.558333;;
83552;31/12/2012;0000;;;;;170.551408;164.179047;286.7;4.569892;7;155.4;;993.282796;35.251613;;;71.443548;;
83552;31/01/2013;0000;;;;;169.158391;169.158391;259.6;4.666667;11;204.7;;994.076667;35.335714;;;70.196429;;
83552;28/02/2013;0000;;;;;148.085748;120.737992;172.2;5.681818;14;74.1;1012.066;994.453247;34.332;;;78.11;;
83552;31/03/2013;0000;;;;;157.571356;157.571356;185.7;4.109848;10;179;;996.124242;33.296154;;;;;
83552;30/04/2013;0000;;;;;145.364206;117.270799;191.6;3.492063;10;90.1;;997.526984;32.385185;;;;;
83552;31/05/2013;0000;;;;;144.182915;76.899937;185.4;4.917582;7;55.2;;998.643478;30.125806;;;76.758333;;
83552;30/06/2013;0000;;;;;136.426661;80.287752;130.8;5.702247;8;73.2;;999.218889;28.48;;;81.691667;;
83552;31/07/2013;0000;;;;;142.153376;15.697734;;3.396739;2;9.8;;;28.596667;;;65.516667;;
83552;31/08/2013;0000;;;;;147.216719;4.235663;;2.137097;1;2.6;;;29.867742;;;51.016129;;
83552;30/09/2013;0000;;;;;149.29187;37.439719;;3.735955;3;37.1;;;33.643333;;;55.491667;;
83552;31/10/2013;0000;;;;;161.384068;51.409493;;5.190217;9;51.3;;;34.8;;;64.333333;;
83552;30/11/2013;0000;;;;;162.134823;115.420371;;3.825301;8;115.4;;;35.777778;;;65;;
83552;31/12/2013;0000;;;;;170.522362;170.522362;;5.228495;12;273.5;;;35.364516;;;72.25;;
83552;31/01/2014;0000;;;;;169.158391;168.366023;;6.11413;1;156.3;;;33.777419;;;75.669355;;
83552;28/02/2014;0000;;;;;148.085748;143.455249;;6.822289;;126.1;;;32.9;;;78.821429;;
83552;31/03/2014;0000;;;;;157.571356;157.571356;;5.398352;;331.6;;;33;;;76.2;;
83552;30/04/2014;0000;;;;;145.364206;103.097724;;3.619403;;36.9;;;33.4;;;;;
83552;31/05/2014;0000;;;;;;;;4.461538;;167.5;;;27.907143;;;;;
83552;30/06/2014;0000;;;;;;;;4.1875;;2.1;;;28.14;;;;;

