--------------------
BDMEP - INMET
--------------------
Estação           : IVINHEMA - MS (OMM: 83704)
Latitude  (graus) : -22.3
Longitude (graus) : -53.81
Altitude  (metros): 369.20
Estação Operante
Inicio de operação: 25/07/1966
Periodo solicitado dos dados: 30/03/1700 a 12/08/2015
Os dados listados abaixo são os que encontram-se digitados no BDMEP
--------------------
Obs.: Os dados aparecem separados por ; (ponto e vírgula) no formato txt.
      Para o formato planilha XLS, siga as instruções
--------------------
Estacao;Data;Hora;DirecaoVento;VelocidadeVentoMedia;VelocidadeVentoMaximaMedia;EvaporacaoPiche;EvapoBHPotencial;EvapoBHReal;InsolacaoTotal;NebulosidadeMedia;NumDiasPrecipitacao;PrecipitacaoTotal;PressaoNivelMarMedia;PressaoMedia;TempMaximaMedia;TempCompensadaMedia;TempMinimaMedia;UmidadeRelativaMedia;VisibilidadeMedia;
83704;30/09/1966;0000;23;4.5375;12;;;;183.7;3.901235;7;43;;;25.547619;18.011429;12.257143;;;
83704;31/10/1966;0000;9;4.032258;14;;;;207.4;4.698925;12;199.6;;;29.290323;23.093548;18.077419;75.064516;;
83704;30/11/1966;0000;18;4.188889;10;;;;259.2;3.822222;4;65.6;;;31.403333;24.402;18.61;68.566667;;
83704;31/12/1966;0000;32;4.053763;9;;;;254.5;4.311828;13;73.1;;;33.164516;26.142581;20.732258;70.58871;;
83704;31/01/1967;0000;5;3.771739;9;;;;174;5.526882;17;261.3;;;30.022581;24.288387;20.141935;83.862903;;
83704;28/02/1967;0000;14;3.557143;14;;;;163.1;5.761905;19;235.1;;;30.560714;24.565;20.814286;86.669643;;
83704;31/03/1967;0000;0;3;8;;;;239.3;4.322581;12;146.7;;;30.780645;24.309032;19.919355;83.330645;;
83704;30/04/1967;0000;36;3.022222;9;;;;299.9;2.377778;2;11.5;;;30.226667;22.928;17.166667;77.791667;;
83704;31/05/1967;0000;0;;9;;;;;2.615385;1;7.3;;;28.704545;20.660952;14.022727;;;
83704;30/06/1967;0000;;;;;;;;;;0;;;;;;;;
83704;31/07/1967;0000;14;3.462366;8;112;;;216.4;4.419355;8;33.9;;969.250538;25.970968;19.177419;14.093548;76.677419;;
83704;31/08/1967;0000;5;3.795699;10;173.8;;;205.6;3.849462;0;0;;967.875269;29.883871;21.939355;16.083871;67.153226;;
83704;30/09/1967;0000;9;4.659091;14;195.2;;;199.1;3.122222;3;9.6;;966.408889;31.28;23.509333;17.72;65.283333;;
83704;31/10/1967;0000;9;4.182796;14;204;;;179.6;4.946237;9;19.2;;965.291398;32.958065;25.563871;20.064516;67.927419;;
83704;30/11/1967;0000;9;3.944444;9;166.6;;;234.7;4.433333;14;128.3;;962.527778;31.96;24.833333;19.176667;69.641667;;
83704;31/12/1967;0000;9;4.150538;14;159.2;;;227.7;4.989247;10;83.5;;964.076344;30.964516;24.663226;19.529032;75.064516;;
83704;31/01/1968;0000;5;3.053763;14;97.6;;;186.7;5.677419;16;252.2;;964.098925;30.822581;24.509032;19.967742;81.467742;;
83704;29/02/1968;0000;14;4.229885;9;120.1;;;266.6;4.482759;8;79;;963.595402;31.168966;24.733103;19.731034;77.62069;;
83704;31/03/1968;0000;14;3.623656;7;114.4;;;253.6;4.989247;12;74;;965.510753;31.470968;24.530968;19.603226;79.967742;;
83704;30/04/1968;0000;9;3.244444;9;118.2;;;265.2;3.488889;6;109;;968.455556;27.13;19.627333;13.53;73.391667;;
83704;31/05/1968;0000;18;2.836957;9;91.1;;;265.1;3.215054;5;70.3;;970.302151;24.035484;16.78129;10.829032;78.540323;;
83704;30/06/1968;0000;9;3.133333;8;85.8;;;221;4.222222;6;25.7;;971.17;25.2;18.144667;13.203333;81.275;;
83704;31/07/1968;0000;9;3.789247;9;148.3;;;266.8;2.688172;2;7.1;;971.2;26.616129;18.58;12.593548;70.524194;;
83704;31/08/1968;0000;9;4.215054;9;147.7;;;202.7;3.795699;6;58.7;;969.476344;25.732258;18.727097;13.632258;71.298387;;
83704;30/09/1968;0000;18;4.550562;10;164.1;;;216.4;3.833333;6;40.7;;969.842222;28;20.199333;14.09;66.291667;;
83704;31/10/1968;0000;14;4.168817;12;178;;;224.9;4.623656;10;202.9;;966.374194;31.387097;23.833548;17.929032;70.508065;;
83704;30/11/1968;0000;5;3.588889;9;175.6;;;257.5;4.7;7;86.9;;962.658889;32.94;25.801333;20.293333;72.958333;;
83704;31/12/1968;0000;14;3.311828;9;100.1;;;208.6;5.548387;13;148.5;;962.645161;31.154839;24.842581;19.722581;83.08871;;
83704;31/01/1969;0000;5;2.817204;9;105.3;;;226.7;5.473118;15;159.7;;961.503226;31.993548;25.578065;17.703226;79.991935;;
83704;31/05/1969;0000;9;3.086957;8;84.2;;;187.8;4.152174;12;120.4;;968.451087;27.858065;20.196774;14.564516;75.564516;;
83704;30/06/1969;0000;5;2.566667;7;84.5;;;183.1;4.177778;4;50.9;;970.037778;24.553333;18.075333;12.853333;75.191667;;
83704;31/07/1969;0000;5;2.956989;7;127.8;;;249.4;3.419355;5;9.5;;970.574194;27.129032;19.234194;13.467742;69.766129;;
83704;31/08/1969;0000;5;2.658065;9;151;;;235.6;3.408602;2;4.7;;968.204301;28.087097;19.307097;12.929032;67.233871;;
83704;30/09/1969;0000;14;3.011111;12;169.2;;;174.8;3.9;5;60.6;;965.216667;31.37931;23.022759;16.82;64.266667;;
83704;31/10/1969;0000;23;3.483871;7;128.5;;;210.4;4.580645;9;249.5;;965.369892;29.35;22.53625;16.664516;71.75;;
83704;30/11/1969;0000;14;2.933333;9;90.2;;;202.3;5.255556;17;249.5;;962.79;29.74;23.712667;19.33;79.366667;;
83704;31/12/1969;0000;23;3.182796;12;142.7;;;284;4.483871;10;105.5;;964.011828;30.751613;24.382581;19.509677;72.16129;;
83704;31/01/1970;0000;36;2.022581;7;113.6;;;237.5;4.623656;13;150.1;;963.73871;31.422581;25.073548;20.377419;78.330645;;
83704;28/02/1970;0000;9;1.988095;7;76.5;;;213;6.059524;;169;;964.722619;30.807143;24.842857;20.921429;82.241071;;
83704;31/03/1970;0000;14;2.032258;7;92.3;;;230.4;5.311828;11;111.8;;965.568817;30.645161;24.883871;20.43871;78.854839;;
83704;30/04/1970;0000;0;2.023333;7;113.5;;;265.4;3.922222;6;38.5;;966.843333;30.42;23.492;18.233333;74.341667;;
83704;31/05/1970;0000;32;1.924731;9;93.5;;;232.9;4.365591;5;66.6;;967.495699;27.716129;21.265161;16.712903;78.741935;;
83704;30/06/1970;0000;14;2.21;9;79;;;199.6;5.222222;6;155.7;;968.552222;25.593333;19.374;15.016667;86.35;;
83704;31/07/1970;0000;23;2.74086;9;79.5;;;216.3;4.451613;7;61.3;;971.162366;24.180645;17.609677;12.877419;87.370968;;
83704;31/08/1970;0000;0;2.924731;9;135.6;;;248.2;4.322581;8;107.2;;968.823656;26.516129;;;83.258065;;
83704;30/09/1970;0000;18;2.755556;9;101;;;181.3;6.977778;9;92.4;;966.275556;26.4;19.92;15.33;87.766667;;
83704;31/10/1970;0000;5;2.516129;9;127.4;;;236.7;6.419355;7;149.1;;963.383871;29.451613;22.98;18.190323;87.862903;;
83704;30/11/1970;0000;5;2.9;7;157;;;247.5;5.655556;9;128.7;;962.808889;28.28;21.986667;16.693333;72.85;;
83704;31/12/1970;0000;23;2.182796;7;147.1;;;263.6;6.107527;13;198.4;;961.270968;31.83871;25.136774;20.180645;75.637097;;
83704;31/01/1971;0000;14;2.27957;7;108.1;;;191.3;6.763441;14;86.5;;962.664516;31.629032;25.22129;20.806452;81.725806;;
83704;28/02/1971;0000;9;3.130952;7;83;;;183;7.488095;17;195.3;;965.719048;31.092857;24.867143;20.435714;82.544643;;
83704;31/03/1971;0000;9;2.924731;7;85.4;;;243.8;7.16129;9;191.9;;965.004301;31.180645;24.394839;20.122581;83.91129;;
83704;30/04/1971;0000;14;2.633333;7;96.8;;;246.7;5.764706;5;91.6;;965.338889;27.953333;21.229333;15.766667;78.766667;;
83704;31/05/1971;0000;14;1.548387;7;75.2;;;202.8;6.301075;;187.8;;969.627692;24.935484;19;14.432258;83.846774;;
83704;30/06/1971;0000;14;1.455556;5;63.2;;;136.9;7.411111;;94.5;;972.055556;22.766667;16.992667;12.773333;84.708333;;
83704;31/07/1971;0000;5;1.268817;5;101;;;229.7;5.344086;;127.1;;972.176344;25.051613;18.118065;13.025806;78.306452;;
83704;31/08/1971;0000;36;1.88172;5;130;;;235;5.032258;;9.3;;971.852688;27.283871;19.716129;13.703226;74.322581;;
83704;30/09/1971;0000;14;1.655556;7;136;;;221.2;5.644444;;166.8;;970.16;28.86;21.576;16.24;78.783333;;
83704;31/10/1971;0000;36;1.827957;7;108.8;;;198.6;6.483871;15;206.6;;969.831183;27.8;21.432258;16.43871;88.064516;;
83704;30/11/1971;0000;14;1.322222;9;178.8;;;264.6;5.377778;;27.3;;967.402222;31.006667;23.581333;17.213333;82.958333;;
83704;31/12/1971;0000;0;1.473118;5;108.8;;;189.4;6.580645;;198.3;;965.743011;30.625806;24.274839;19.864516;84.967742;;
83704;31/01/1972;0000;5;1.247312;5;116.4;;;216.7;6.462366;15;67.3;;966.139785;31.245161;24.473548;19.683871;81.346774;;
83704;29/02/1972;0000;14;1.137931;5;56;;;136.5;7.149425;23;290.8;;966.344828;29.213793;23.714483;20.351724;88.094828;;
83704;31/03/1972;0000;23;1.258065;9;95.6;;;249.6;5.774194;;108.4;;967.060215;31.129032;24.578065;19.974194;83.443548;;
83704;30/04/1972;0000;14;1.211111;5;100.6;;;243.4;5.055556;;53.4;;970.456667;27.093333;20.484;15.313333;79.158333;;
83704;31/05/1972;0000;14;1.172043;5;92;;;218.8;5.150538;;173.6;;970.845161;26.819355;20.530323;15.8;81.774194;;
83704;30/06/1972;0000;14;1.288889;3;113;;;277.9;4.644444;;24;;971.493333;27.88;20.478;14.596667;75.608333;;
83704;31/07/1972;0000;5;1.591398;5;103;;;209;6.16129;;73.1;;971.712903;24.925806;18.18129;13.180645;78.967742;;
83704;31/08/1972;0000;14;1.688172;7;106.3;;;183.8;6.215054;;130.1;;970.268817;25.158065;18.722581;13.996774;79.451613;;
83704;30/09/1972;0000;23;1.177778;5;117.6;;;185.3;5.911111;;47;;969.947778;27.8;21.446;16.766667;78.983333;;
83704;31/10/1972;0000;14;1.430108;5;118.1;;;212.3;6.365591;;265.5;;967.936559;29.422581;22.516774;17.264516;78.685484;;
83704;30/11/1972;0000;9;1.8;7;94;;;185.5;6.655556;15;360.2;;966.181111;29.446667;23.640667;19.443333;83.85;;
83704;31/12/1972;0000;32;2.043011;7;114.8;;;213.7;6.516129;;149.2;;967.006452;30.735484;24.247097;19.8;80.798387;;
83704;31/01/1973;0000;23;1.924731;7;100.2;;;203.5;6.290323;;157;;967.66129;32.8;25.989032;21.603226;83.459677;;
83704;28/02/1973;0000;14;2.142857;7;99.4;;;224.4;5.761905;;116.6;;967.264286;33.192857;26.427143;21.942857;84.116071;;
83704;31/03/1973;0000;18;2.268817;5;104.4;;;240;5.344086;;79;;967.184946;31.03871;24.949677;19.741935;81.717742;;
83704;30/04/1973;0000;18;2.092222;5;108.8;;;242.2;4.622222;;23.8;;968.581111;32.16;25.394;20.476667;80.733333;;
83704;31/05/1973;0000;5;2.505376;7;89.2;;;191.9;4.892473;;85.6;;971.834409;26.096774;19.545806;14.722581;81.040323;;
83704;30/06/1973;0000;36;2.288889;5;79.8;;;203.5;4.666667;;161.5;;971.445556;25.133333;18.297333;13.493333;80.666667;;
83704;31/07/1973;0000;14;2.784946;5;97.8;;;182.9;4.913978;;49.4;;973.33871;24.174194;16.681935;11.96129;81.435484;;
83704;31/08/1973;0000;14;2.827957;5;105.8;;;160;5.236559;;84.8;;972.724731;24.758065;16.385161;10.203226;79.564516;;
83704;30/09/1973;0000;14;2.666667;5;106;;;113.4;6.388889;;54.7;;971.03;27.326667;19.563333;13.13;80.808333;;
83704;31/10/1973;0000;14;3.064516;12;153.2;;;201.2;6.021505;;70.9;;967.312903;29.580645;22.359355;15.358065;75.790323;;
83704;30/11/1973;0000;5;2.755556;9;154.8;;;240.7;5.811111;;128.8;;968.996667;29.76;23.452;17.566667;73.6;;
83704;31/12/1973;0000;14;1.731183;5;107.2;;;197.8;7.193548;18;228.4;;966.041935;30.567742;24.135484;18.987097;81.814516;;
83704;31/01/1974;0000;36;1.774194;5;71.2;;;146.5;7.516129;21;375.7;;966.14086;29.948387;24.361935;20.180645;87.096774;;
83704;28/02/1974;0000;23;1.928571;5;80.8;;;217.7;6.095238;;110.8;;966.932143;31.75;24.88;20.185714;82.125;;
83704;31/03/1974;0000;5;1.645161;3;83;;;194.4;6.397849;;129.7;;965.487097;29.845161;23.887742;19.341935;83.693548;;
83704;30/04/1974;0000;14;1.6;5;95.6;;;232.8;5.333333;;34.4;;969.292222;28.9;22.338;17.416667;76.866667;;
83704;31/05/1974;0000;32;1.602151;5;105;;;266.6;4.946237;;78.2;;971.441935;26.303226;18.614194;13.064516;75.370968;;
83704;30/06/1974;0000;14;1.933333;5;74.2;;;187.7;6.255556;;42.2;;971.206667;24.02;17.81;13.246667;78.908333;;
83704;31/07/1974;0000;14;1.580645;5;130.8;;;257.6;4.83871;;12;;973.673118;26.890323;18.613548;12.274194;67.491935;;
83704;31/08/1974;0000;5;2.358696;12;163.4;;;214.4;4.688172;;26.3;;970.67957;27.896774;19.465806;13.393548;62.725806;;
83704;30/09/1974;0000;0;1.844444;5;150.4;;;198.2;3.522222;;43.4;;969.802222;29.793333;22.087333;15.936667;61.6;;
83704;31/10/1974;0000;23;1.537634;12;155;;;205.4;5.935484;;176.3;;967.824731;28.703226;21.906452;16.429032;68.524194;;
83704;30/11/1974;0000;0;2.079545;9;181;;;284.4;3.9;;76.2;;965.448889;30.393333;23.236;16.966667;67.033333;;
83704;31/12/1974;0000;0;1.408602;7;105;;;151.2;7.903226;;345.5;;964.764516;29.709677;24.245161;20.154839;80.58871;;
83704;31/01/1975;0000;0;1.053763;9;124;;;259;6.462366;;132.3;;966.158065;31.419355;24.529032;19.819355;78.459677;;
83704;28/02/1975;0000;0;1.178571;9;81;;;165;7.869048;17;127.8;;965.127381;31.471429;25.024286;21.042857;85;;
83704;31/03/1975;0000;0;1.247312;5;89;;;207.8;6.88172;;128.4;;967.341935;31.516129;24.428387;20.23871;82.967742;;
83704;30/04/1975;0000;0;1.522222;9;85;;;211.7;5.533333;;141.6;;967.234444;28.406667;21.832;17.48;82.166667;;
83704;31/05/1975;0000;0;1.634409;5;95;;;217.5;4.956989;;55.9;;971.275269;;;14.170968;78.741935;;
83704;30/06/1975;0000;5;2.011111;9;92;;;197.9;4.866667;;48.6;;972.438889;24.813333;18.209333;13.763333;78.883333;;
83704;31/07/1975;0000;0;2.322581;9;140;;;262.2;2.870968;;76.7;;973.170968;26.254839;16.677419;10.467742;66.209677;;
83704;31/08/1975;0000;14;2.505376;9;176.3;;;204.8;3.494624;;1.9;;969.086022;32.064516;22.412258;16.190323;60.774194;;
83704;30/09/1975;0000;14;3.655556;12;157.3;;;151.2;3.7;;71.9;;968.816667;30;22.998667;17.706667;65.441667;;
83704;31/10/1975;0000;0;1.978495;12;119;;;189.6;5.580645;15;251.5;;967.593548;28.043478;21.44;17.206452;73.216667;;
83704;30/11/1975;0000;0;2.786517;12;110.8;;;183.7;6.41573;16;247;;966.298876;29.627778;23.711111;18.596667;75.558333;;
83704;31/12/1975;0000;23;2.44086;14;99;;;193.7;6.806452;19;214.6;;967.293548;29.135484;23.971613;19.96129;80.08871;;
83704;31/01/1976;0000;23;2.419355;7;106.6;;;240.4;7.397849;;117.1;;966.731183;31.848387;25.48129;20.922581;78.491935;;
83704;29/02/1976;0000;14;2.183908;5;107.6;;;234.6;6.804598;;60.4;;966.283908;31.313793;24.748276;19.737931;74.612069;;
83704;31/03/1976;0000;23;1.892473;5;124.2;;;232.7;6.096774;;43.2;;968.121505;31.203226;23.952903;18.8;73.153226;;
83704;30/04/1976;0000;0;1.844444;5;109.6;;;227.1;5.922222;;134.3;;970.248889;28.073333;21.18;15.846667;75.241667;;
83704;31/05/1976;0000;5;2.483871;12;79.2;;;201.3;6.88172;;158.8;;970.558065;25.341935;19.23871;14.903226;79.75;;
83704;30/06/1976;0000;32;2.655556;7;103;;;196.6;5.622222;;14.8;;971.612222;23.62;17.124667;11.756667;72.35;;
83704;31/07/1976;0000;32;3.322581;12;120.6;;;237;5.043011;;43.8;;972.966667;25.035484;17.921935;12.596774;69.185484;;
83704;31/08/1976;0000;23;2.956989;12;134.4;;;218.3;4.752688;;92.7;;970.697849;26.190323;19.005806;13.729032;70.120968;;
83704;30/09/1976;0000;32;2.233333;7;81.2;;;129.8;6.922222;;198.2;;968.813333;24.203333;18.653333;14.106667;77.6;;
83704;31/10/1976;0000;32;3.215054;12;127.6;;;248.9;4.83871;;164.6;;968.947312;29.016129;22.236774;16.509677;71.387097;;
83704;30/11/1976;0000;32;2.545455;12;121;;;221.3;6.388889;;149.5;;967.623333;29.906667;23.398667;17.853333;73.45;;
83704;31/12/1976;0000;23;2.804348;9;97.3;;;238.4;7.11828;;250.3;;965.347312;30.754839;24.527742;19.670968;78.508065;;
83704;31/01/1977;0000;0;2.010753;7;85.4;;;163.7;7.634409;17;251.4;;964.021505;30.803226;24.433333;20.704762;84.782258;;
83704;28/02/1977;0000;23;1.535714;7;105.9;;;245.2;6.035714;15;111.9;;967.745238;33.2;;;77.660714;;
83704;31/03/1977;0000;9;1.88172;5;106.1;;;254.4;5.602151;14;167.4;;966.912903;32.606452;25.484516;20.751613;77.258065;;
83704;30/04/1977;0000;23;2.244444;7;101.2;;;238.3;5.144444;6;71.9;;970.105556;28.3;21.777333;17.346667;74.908333;;
83704;31/05/1977;0000;14;1.413978;5;98.6;;;237;4.612903;6;74;;971.689247;27.067742;20.094194;15.070968;74.887097;;
83704;30/06/1977;0000;0;1.766667;5;77.2;;;206.5;4.588889;5;87.7;;972.807778;25.6;18.756667;14.233333;79.95;;
83704;31/07/1977;0000;5;2.301075;12;162.6;;;260.3;3.645161;1;6.3;;969.706452;29.741935;21.585161;16.177419;68.241935;;
83704;31/08/1977;0000;23;1.935484;9;167.7;;;200.4;4.462366;5;28.4;;970.072043;28.306452;20.096774;14.487097;67.854839;;
83704;30/09/1977;0000;9;1.977778;7;131.9;;;172.6;4.7;10;190.7;;969.607778;28.866667;22.178621;17.527586;72.558333;;
83704;31/10/1977;0000;23;1.967742;5;138.4;;;234.1;4.946237;6;97.6;;967.965591;31;24.282581;19.209677;72.766129;;
83704;30/11/1977;0000;0;2.077778;5;91;;;151.9;7.3;16;116.4;;965.922222;30.433333;24.321333;20.113333;81.7;;
83704;31/12/1977;0000;0;2.204301;7;119;;;215.6;5.827957;10;104.1;;967.169892;30.967742;24.828276;20.506897;79.725806;;
83704;31/01/1978;0000;0;1.892473;7;118.6;;;242.1;6.709677;14;220.2;;968.523656;32.145161;25.625806;20.887097;78.830645;;
83704;28/02/1978;0000;0;2.190476;7;162.6;;;252.6;4.535714;3;2.9;;967.391667;34.414286;26.765;21.082143;67.392857;;
83704;31/03/1978;0000;5;2.096774;9;171.1;;;224.2;4.473118;9;75.5;;968.949462;34.096774;26.047097;20.687097;69.741935;;
83704;30/04/1978;0000;23;2.022222;7;167.6;;;269.1;2.477778;2;42.8;;971.111111;30.216667;22.159333;15.82;63.225;;
83704;31/05/1978;0000;0;2.022222;9;152.6;;;216.7;3.911111;7;83.1;;971.152222;27.434483;19.717931;13.856667;67.103448;;
83704;30/06/1978;0000;9;2.27907;7;117;;;175.1;5.267442;3;2.7;;973.482558;26.651724;19.248276;14.02069;74.206897;;
83704;31/07/1978;0000;23;2.505376;9;158.8;;;236.7;3.935484;5;39.7;;971.154839;28.709677;20.888387;15.796774;71.717742;;
83704;31/08/1978;0000;14;2.505376;12;184;;;162.2;3.290323;4;9;;974.664516;26.641935;18.490968;12.877419;67.798387;;
83704;30/09/1978;0000;5;2.788889;5;154.4;;;155.6;5.077778;10;125.6;;971.494444;28.306667;21.644;16.586667;70.575;;
83704;31/10/1978;0000;14;2.782609;7;192.3;;;206.6;4.847826;10;77.2;;968.967391;31.393548;24.178065;18.683871;61.25;;
83704;30/11/1978;0000;23;2.966667;7;118.9;;;201.9;7.3;13;131.3;;967.875556;30.386667;24.407333;19.92;76.216667;;
83704;31/12/1978;0000;9;2.521739;7;152.6;;;241.2;6;;114.3;;967.136957;32.029032;25.608387;20.83871;76.208333;;
83704;31/01/1979;0000;23;2.901235;7;123.7;;;202.7;7.012346;;131.9;;961.271605;30.585714;24.777778;20.278571;79.0625;;
83704;28/02/1979;0000;14;2.358209;7;99.2;;;;6.119403;;92.6;;960.170149;32.078261;25.789091;20.726087;;;
83704;31/03/1979;0000;18;2.204819;5;140.1;;;216.7;5.409639;;44.2;;963.3;31.603571;24.758571;19.7;76.861111;;
83704;30/04/1979;0000;9;2.728395;7;102.1;;;169;6.358025;;145.2;;964.8;28.514815;21.572593;17.051852;82.731481;;
83704;31/05/1979;0000;23;1.75;7;60.1;;;;4.65;;72.9;;965.396667;27.15;20.197;15.365;;;
83704;30/06/1979;0000;9;;5;61.1;;;;3.613636;;0;;969.472727;;;13.626667;;;
83704;31/07/1979;0000;14;0.584127;5;81;;;;3.857143;;3.8;;974.45873;;;13.32381;;;
83704;31/08/1979;0000;;;;;;;;;;0;;;;;;;;
83704;30/09/1979;0000;18;;5;;;;;7.692308;;190.8;;971.373077;;;;;;
83704;31/10/1979;0000;14;;7;;;;;4.558824;;1.4;;968.855882;;;;;;
83704;30/11/1979;0000;;;;;;;;;;22.2;;;;;;;;
83704;31/12/1979;0000;;;;;;;;;;0;;;;;;;;
83704;31/01/1980;0000;;;;;;;;;;38.2;;;;;;;;
83704;29/02/1980;0000;23;;7;;;;;6;;170.2;;965.496875;;;;;;
83704;31/03/1980;0000;;;;84.7;;;;;;66.9;;;33.2;;20.963158;;;
83704;30/04/1980;0000;;;;;;;;;;40.4;;;;;;;;
83704;31/05/1980;0000;27;;10;51;;;;3.2;;186.1;;970.548571;25.6375;;15.55625;;;
83704;30/06/1980;0000;;;;;;;;;;0;;;;;;;;
83704;31/07/1980;0000;;;;;;;;;;7;;;;;;;;
83704;31/08/1980;0000;18;0.352381;1.4;77.2;;;;4.253968;;64.6;;973.025397;25.566667;19.089524;14.671429;;;
83704;30/09/1980;0000;0;;1.8;;;;;4.425;;142.1;;971.0075;;;;;;
83704;31/10/1980;0000;14;;3;80.4;;;;5.09375;;151.5;;969.36875;30.9125;;18.325;;;
83704;30/11/1980;0000;18;;1;;;;;5.088235;;64.1;;967.011765;;;;;;
83704;31/12/1980;0000;0;;1.8;78;;;;6.681818;;101.5;;964.527273;31.016667;24.546667;20.661111;;;
83704;31/01/1981;0000;0;0.396667;1.4;71.7;;;;6.633333;;201.5;;967.306667;32.145;25.666;21.795;;;
83704;28/02/1981;0000;9;0.273333;1.8;67.4;;;;6.516667;;52.5;;968.493333;32.545;25.473;21.325;;;
83704;31/03/1981;0000;27;0.443636;1.4;74.1;;;;4.418182;;55.6;;966.156364;31.455556;24.923333;20.533333;;;
83704;30/04/1981;0000;18;;1.4;76.6;;;;5.181818;;54;;968.3;28.88;21.929333;17.8;;;
83704;31/05/1981;0000;18;;1.4;;;;;3.775;;0;;970.8675;;;;;;
83704;30/06/1981;0000;;;;;;;;;;100.7;;;;;;;;
83704;31/07/1981;0000;;;;;;;;;;19.8;;;;;;;;
83704;31/08/1981;0000;;;;;;;;;;7.6;;;;;;;;
83704;30/09/1981;0000;18;;1.8;116.1;;;;7.522727;;28.6;;;27.546667;19.925333;15.28;;;
83704;31/10/1981;0000;23;0.359184;1;72.2;;;;7.346939;;106;;;28.63125;22.51375;18.0375;;;
83704;30/11/1981;0000;9;0.457627;1.4;104.2;;;;5.084746;;57.3;;;32.205;25.508;19.86;;;
83704;31/12/1981;0000;0;0.265217;0.6;45.5;;;;7.021739;;127.3;;;30.773333;24.324;18.746667;;;
83704;31/01/1982;0000;0;0.371111;1.7;89.3;;;;5.133333;;35.1;;;33.12;26.138667;19.153333;;;
83704;28/02/1982;0000;9;0.313514;1;93.4;;;;7.351351;;112.7;;;31.456;;;85.31;;
83704;31/03/1982;0000;18;0.317857;1.4;95;;;133;7.083333;;129.5;;;29.717857;;;87.392857;;
83704;30/04/1982;0000;14;0.385714;1.4;143.9;;;236.1;3.297619;;48.8;;;29.439286;22.527857;17.525;82.392857;;
83704;31/05/1982;0000;0;0.316049;1;128.3;;;176.2;4.530864;;57.3;;;26.251852;19.094074;13.496296;82.62037;;
83704;30/06/1982;0000;9;0.346269;1.4;54.7;;;;6.492537;;92.6;;;25.068182;18.957273;14.777273;;;
83704;31/07/1982;0000;9;0.371831;2.2;110.1;;;;4.985915;;49.1;;;27.4375;20.159167;15.0125;81.010417;;
83704;31/08/1982;0000;9;0.323636;1;75.9;;;;5.127273;;43.9;;;26.7;20.213333;14.988889;;;
83704;30/09/1982;0000;18;0.433333;1;104;;;;5.05;;37.9;;;28.98;21.809;16.59;;;
83704;31/10/1982;0000;0;0.381818;1.8;119.4;;;;7.168831;;141;;;30.526923;23.071538;16.492308;84.432692;;
83704;30/11/1982;0000;9;0.403175;1.4;82.7;;;;7.507937;;215.4;;;31.809524;24.274286;18.12381;;;
83704;31/12/1982;0000;0;0.432836;1.8;111.9;;;;7.179104;;178.9;;;30.559091;23.093636;16.822727;;;
83704;31/01/1983;0000;9;0.297826;1;107.4;;;171.6;8.413043;;239;;;32.267742;25.270323;19.319355;90.693548;;
83704;28/02/1983;0000;18;0.419048;1.4;99.4;;;148.6;7.369048;;190.5;;;31.778571;25.147857;20.742857;87.508929;;
83704;31/03/1983;0000;0;0.4;1.4;117.3;;;176.8;5.365591;;190.6;;;30.729032;23.885806;19.083871;85.717742;;
83704;30/04/1983;0000;0;0.435556;1.4;97.8;;;117;5.722222;;202.3;;;30.06;23.092;18.21;87.85;;
83704;31/05/1983;0000;0;0.429032;1.8;80.3;;;115.8;6.763441;;230.3;;;27.067742;21.089677;16.777419;90.822581;;
83704;30/06/1983;0000;23;0.358621;1.4;80.3;;;99.9;6.804598;;114.7;;;22.593103;16.667586;11.927586;88.008621;;
83704;31/07/1983;0000;18;0.443011;3;149.4;;;170.7;6.268817;;8.7;;;26.712903;19.185161;14.093548;84.354839;;
83704;31/08/1983;0000;18;0.380645;1;237.5;;;186;3.376344;;0;;;28.864516;19.546452;13.141935;77.201613;;
83704;30/09/1983;0000;23;0.437778;1.4;160.8;;;92.9;7.033333;;251.2;;;25.736667;19.151333;14.29;83.5;;
83704;31/10/1983;0000;23;0.439785;1.4;157;;;200.9;6.333333;;279.4;;;29.222581;22.197419;17.232258;85.75;;
83704;30/11/1983;0000;9;0.306667;1;207.4;;;222.8;4.677778;;122.6;;;30.98;23.552;18.06;79.825;;
83704;31/12/1983;0000;9;0.43871;1.8;180.5;;;248.3;5.526882;;114.2;;;32.680645;25.262581;19.793548;79.314516;;
83704;31/01/1984;0000;9;0.363441;1.8;155.1;;;231.2;6.204301;;113.9;;;33.2;25.860645;20.932258;83.943548;;
83704;29/02/1984;0000;0;0.321839;1.4;154.5;;;248.5;6.241379;;81.4;;;34.313793;26.522759;21.058621;81.439655;;
83704;31/03/1984;0000;23;0.410753;1.4;176.4;;;196.8;6.784946;;131.8;;;32.958065;25.30129;20.490323;82.677419;;
83704;30/04/1984;0000;9;0.401111;1.4;132.6;;;198.2;5.533333;;137.6;;;29.263333;21.994;17.166667;83.85;;
83704;31/05/1984;0000;0;0.31828;1.4;132.3;;;202.3;4.903226;;22.8;;;28.596774;21.485161;16.722581;83.846774;;
83704;30/06/1984;0000;0;0.282222;1.8;168.8;;;210.2;3.411111;;4;;;27.776667;19.514667;13.463333;77.233333;;
83704;31/07/1984;0000;9;0.515556;2.2;257.3;;;237.7;2.6;;2.8;;;29.823333;20.618;14.18;72.6;;
83704;31/08/1984;0000;9;0.509677;1.8;224.2;;;158.4;4.580645;;45.2;;;27.403226;18.900645;12.980645;74.475806;;
83704;30/09/1984;0000;18;0.468889;1.8;247.9;;;191.6;2.966667;;135.4;;;30.43;21.676;15.59;68.45;;
83704;31/10/1984;0000;9;0.473118;1.8;259.9;;;232.3;4.182796;;59.5;;;33.696774;25.810968;20.158065;72.217742;;
83704;30/11/1984;0000;18;0.451111;1.8;154.7;;;177.9;6.377778;;101.3;;;31.686667;25.248;20.486667;81.108333;;
83704;31/12/1984;0000;0;0.369892;1.8;153.4;;;185.5;6.569892;15;343.2;;;31.232258;24.607097;20.03871;81.774194;;
83704;30/11/1993;0000;14;2.96875;10;200.3;;;243.7;3.793651;;29.8;;959.435938;32.278571;;19.771429;;;
83704;31/12/1993;0000;9;2.923077;8;144.1;;;203.1;5.813187;;155.9;;958.208791;32.225806;25.55;20.948387;74.8;;
83704;31/01/1994;0000;5;2.370787;7;159.2;;;219.1;6.022472;;150.9;;957.933708;32.406452;25.345926;20.954839;73.759259;;
83704;28/02/1994;0000;;;;121;;;204.7;;;92.7;;;32.228571;25.896154;21.785714;78.911538;;
83704;31/03/1994;0000;18;2.554348;9;150.2;;;212.5;5.586957;;44.8;;960.392391;28.048387;23.838065;20.316129;74.387097;;
83704;30/04/1994;0000;9;2.123596;9;132.6;;;224.2;4.764045;;40.5;;962.430337;30.016667;23.537333;18.84;74.086207;;
83704;31/05/1994;0000;5;1.731183;8;129.2;;;199.3;4.408602;;136.6;;963.158065;28.319355;21.578065;17.206452;75.185484;;
83704;30/06/1994;0000;36;1.9;9;115.4;;;216.2;4.2;;54.3;;965.273333;25.803333;18.950667;14.21;74.65;;
83704;31/07/1994;0000;5;2.698925;12;173.9;;;252.2;2.311828;;59.8;;965.819355;27.683871;19.470968;13.741935;64.854839;;
83704;31/08/1994;0000;9;2.301075;7;239.9;;;259.1;1.935484;;5.2;;964.776344;29.835484;21.285161;14.83871;52.903226;;
83704;30/09/1994;0000;9;2.588889;12;258.5;;;206.5;3.444444;;84.7;;963.306667;31.546667;23.42;17.823333;57.791667;;
83704;31/10/1994;0000;9;2.358696;10;177.5;;;193.7;6.293478;;159.1;;960.618478;31.7;24.893548;20.406452;72.65;;
83704;30/11/1994;0000;9;2.4;9;156.9;;;233.7;5.266667;;173.3;;959.885556;31.673333;24.787333;20.03;71.441667;;
83704;31/12/1994;0000;0;2.236559;10;174.7;;;235.3;5.774194;;116;;958.632258;32.745161;26.641935;21.851613;71.016129;;
83704;31/01/1995;0000;36;1.967742;7;112.3;;;201.5;7.053763;;206.8;;958.848387;32.154839;25.805806;22.006452;81.129032;;
83704;28/02/1995;0000;0;2.22619;7;97.8;;;190.1;6.619048;;286.4;;959.37381;30.982143;25.222857;21.357143;79.928571;;
83704;31/03/1995;0000;5;2.150538;8;137.5;;;242.9;5.129032;;117.3;;960.15914;31.483871;24.882581;20.493548;75.5;;
83704;30/04/1995;0000;36;2.422222;12;134.7;;;225.2;3.755556;;115.9;;961.792222;28.586667;21.634;16.403333;69.858333;;
83704;31/05/1995;0000;9;1.88172;7;129.3;;;212.8;3.956989;;7.4;;964.150538;26.203226;19.690323;14.974194;72.241935;;
83704;30/06/1995;0000;9;2.333333;7;156.6;;;230;3.577778;;40.5;;964.392222;28.2;20.506;14.766667;66.183333;;
83704;31/07/1995;0000;5;2.591398;9;185.6;;;240.8;3.924731;;20.2;;963.474194;29.170968;21.564516;16.429032;63.58871;;
83704;31/08/1995;0000;5;2.72043;12;274.7;;;247.8;2.989247;;7.8;;962.991398;31.658065;23.059355;16.541935;54.209677;;
83704;30/09/1995;0000;0;2.833333;12;266.8;;;156.7;4.177778;;62.6;;963.481111;31.25;23.323333;17.52;59.25;;
83704;31/10/1995;0000;27;2.408602;9;170.4;;;208.7;4.784946;;297.7;;960.584946;30.013333;22.856;17.654839;68.604839;;
83704;30/11/1995;0000;27;2.311111;9;207.1;;;267.5;4.122222;;102;;959.975556;;;20.183333;66.05;;
83704;31/12/1995;0000;9;1.960215;7;187;;;245.8;5.548387;;238.1;;958.449462;31.552;25.4896;21.141935;72.217742;;
83704;31/01/1996;0000;5;2.075269;9;100.1;;;190.4;7.666667;16;343.9;;958.316129;31.458065;25.292903;21.590323;81.483871;;
83704;29/02/1996;0000;36;2.08046;9;96.1;;;196.5;7.333333;13;264.3;;958.241379;31.775862;25.573793;21.596552;81.836207;;
83704;31/03/1996;0000;0;1.72043;7;84.4;;;191.2;7.032258;;217.8;;960.091398;30.880645;24.747742;21.022581;83.169355;;
83704;30/04/1996;0000;23;2.166667;9;117.5;;;231.6;3.9;;181;;962.122222;29.5;23.293333;19.186667;75.633333;;
83704;31/05/1996;0000;0;1.505376;5;98.5;;;176.7;5.419355;;182.5;;963.924731;26.370968;20.692903;16.941935;79.056452;;
83704;30/06/1996;0000;18;2.222222;7;110.8;;;192.8;4.222222;;4.8;;966.556667;24.743333;17.655333;13.133333;75.225;;
83704;31/07/1996;0000;18;2.021505;12;176.8;;;264.8;2.139785;;7.8;;966.617204;26.087097;18.003226;12.277419;65.709677;;
83704;31/08/1996;0000;9;2.187097;7;228.4;;;227.2;2.827957;;25.1;;963.250538;30.86129;22.503226;16.751613;60.556452;;
83704;30/09/1996;0000;18;2.077778;7;163.9;;;195.6;3.333333;;73.7;;963.293333;28.326667;21.263333;15.923333;71.133333;;
83704;31/10/1996;0000;36;2.021505;9;149;;;210;5.215054;;250.8;;960.07957;30.248387;23.502581;19.135484;76.072581;;
83704;30/11/1996;0000;36;2.055556;7;153.6;;;236.5;5.311111;;142.6;;958.618889;31.286667;24.658;20.188462;75.466667;;
83704;31/12/1996;0000;5;2.387097;12;130.4;;;181;7.258065;;184.3;;957.862366;31.603226;25.300645;20.941935;79.032258;;
83704;31/01/1997;0000;36;2.311828;9;107.9;;;175.8;7.741935;21;281.2;;956.639785;30.554839;25.015484;21.729032;83.556452;;
83704;28/02/1997;0000;0;2.190476;7;98.7;;;192.3;6.97619;;189.4;;960.153571;32.025;25.701429;21.696429;78.517857;;
83704;31/03/1997;0000;14;2.204301;9;163;;;248.3;4.526882;;77.3;;960.351613;31.222581;24.808387;20.535484;69.967742;;
83704;30/04/1997;0000;18;1.911111;7;149.2;;;232.6;3.6;;64;;962.084444;29.436667;22.457333;17.703333;69.191667;;
83704;31/05/1997;0000;27;2.021505;7;151.2;;;173.2;4.774194;;97.4;;964.903226;27.229032;20.481935;15.870968;69.322581;;
83704;30/06/1997;0000;5;2.244444;12;101.2;;;157.9;5.077778;;369.4;;961.621111;23.203333;17.481333;13.736667;79.666667;;
83704;31/07/1997;0000;9;2.021505;7;155.6;;;260.6;2.408602;;10.1;;965.758065;27.745161;20.400645;14.993103;66.862903;;
83704;31/08/1997;0000;0;2.419355;12;207.3;;;234.9;2.989247;;21.2;;965.587097;28.216667;20.816774;15.52;60.580645;;
83704;30/09/1997;0000;9;2.601111;7;232.3;;;190.2;3.633333;;47;;960.664444;32.583333;24.270667;18.953333;62.2;;
83704;31/10/1997;0000;9;2.408602;9;197.5;;;180.5;5.505376;;146.8;;959.309677;31.564516;24.608387;19.796774;70.475806;;
83704;30/11/1997;0000;32;2.066667;9;122.9;;;168.1;6.9;;384.1;;959.025556;30.85;25.005333;21.286667;80.566667;;
83704;31/12/1997;0000;32;2.204301;7;157.1;;;238.8;5.709677;;131.6;;959.107527;32.183871;26.036129;21.664516;76.709677;;
83704;31/01/1998;0000;0;2.462366;9;174.8;;;259.9;5.247312;;209.1;;958.678495;33.780645;27.397419;23.022581;72.467742;;
83704;28/02/1998;0000;0;2.214286;7;94;;;131.5;7.654762;;183.6;;960.189286;31.432143;25.947143;22.503571;83.116071;;
83704;31/03/1998;0000;18;2.11828;5;124.4;;;210;6.397849;;239.1;;960.394624;31.877419;25.447742;21.46129;79.556452;;
83704;30/04/1998;0000;0;2.033333;7;109;;;195.7;5.577778;;135.3;;961.183333;28.906667;23.027333;19.243333;79.15;;
83704;31/05/1998;0000;14;1.946237;5;120.7;;;217.8;4.053763;;89.6;;964.731183;25.274194;19.183226;14.893548;75.048387;;
83704;30/06/1998;0000;9;2.12;10;123.9;;;220.7;3.333333;;28.8;;966.39;25.383333;18.288667;13.143333;73.508333;;
83704;31/07/1998;0000;27;2.268817;7;162.1;;;262.7;2.473118;;23.6;;965.241935;28.058065;20.318065;15.258065;65.830645;;
83704;31/08/1998;0000;9;2.150538;9;119.5;;;172.9;5.258065;;161.6;;963.241935;26.767742;20.384516;16.180645;75.959677;;
83704;31/12/1999;0000;5;2.201471;12;133.1;;;;5.705882;7;68.3;;957.651471;33.3;26.554783;21.765217;68.119565;;
83704;31/01/2000;0000;36;2.655914;7;196.4;;;235.6;5.83871;8;120.2;;957.115054;34.464516;27.469677;22.703226;68.725806;;
83704;29/02/2000;0000;5;2.517241;7;128.7;;;183.8;6.655172;13;285.4;;958.944828;31.551724;25.606207;21.562069;78.034483;;
83704;31/03/2000;0000;5;2.462366;9;108.5;;;186.2;6.784946;6;64.8;;959.329032;30.390323;24.741935;21.158065;79.725806;;
83704;30/04/2000;0000;5;2.333333;7;193.1;;;257.4;2.922222;2;71;;962.012222;31.446667;24.332667;19.02;62.866667;;
83704;31/05/2000;0000;9;2.505376;7;166.9;;;203.6;3.978495;2;33.1;;963.591398;26.6;19.603226;14.767742;69.435484;;
83704;30/06/2000;0000;5;2.566667;7;135;;;185.4;5.211111;10;120.3;;963.476667;26.54;20.104667;15.466667;71.741667;;
83704;31/07/2000;0000;5;2.301075;9;152.7;;;215.9;4.107527;3;56.7;;965.501075;22.980645;15.553548;9.954839;64.41129;;
83704;31/08/2000;0000;5;2.419355;12;161.6;;;187.6;5.11828;8;137.7;;970.076344;27.109677;20.343226;15.732258;72.685484;;
83704;30/09/2000;0000;5;2.7;9;138.6;;;173.7;5.777778;11;195.4;;971.493333;27.25;21.18;16.456667;74.408333;;
83704;31/10/2000;0000;5;2.270968;7;206.2;;;231.6;4.247312;8;67;;970.127957;32.445161;25.367742;20.47;66.58871;;
83704;30/11/2000;0000;5;2.211111;6;176.6;;;234.8;4.933333;11;144.3;;967.813333;31.28;24.954;20.373333;71.541667;;
83704;31/12/2000;0000;32;2.204301;7;162.3;;;237.6;5.225806;14;217.2;;967.790323;31.458065;25.486452;21.03871;72.951613;;
83704;31/01/2001;0000;36;2.193548;7;133;;;222.4;6.16129;13;133.9;;969.763441;32.335484;26.100645;22.041935;76.669355;;
83704;28/02/2001;0000;36;2.02381;7;87.4;;;150.4;7.214286;16;391.8;;969.30119;31.332143;25.228571;21.689286;82.928571;;
83704;31/03/2001;0000;5;2.021505;5;112.9;;;219.8;5.44086;17;330.6;;970.148387;31.564516;25.394194;21.43871;80.314516;;
83704;30/04/2001;0000;5;2.155556;7;126.2;;;244.9;3.655556;5;79.2;;971.941111;31.4;24.721333;20.26;76.408333;;
83704;31/05/2001;0000;5;2.526882;7;113.3;;;201.4;4.935484;7;79.2;;972.860215;25.351613;19.123871;14.270968;77.467742;;
83704;30/06/2001;0000;5;2.355556;7;112.9;;;202.9;4.344444;8;62.1;;975.863333;24.24;17.783333;13.196667;75.566667;;
83704;31/07/2001;0000;5;2.817204;7;168.4;;;231.2;3.903226;4;16.5;;973.825806;27.9;19.917419;14.419355;66.645161;;
83704;31/08/2001;0000;5;2.860215;7;238.9;;;255.4;3.344086;5;70.4;;974.930108;30.441935;22.587097;17.116129;59.475806;;
83704;30/09/2001;0000;5;2.911111;7;205.1;;;212.8;4.666667;7;130.2;;971.55;29.813333;22.553333;17.516667;67.225;;
83704;31/10/2001;0000;5;2.043011;7;215;;;241;5.204301;5;57.6;;970.196774;31.229032;24.603871;19.36129;66.983871;;
83704;30/11/2001;0000;5;2.711111;9;165.5;;;191.6;6.788889;16;226.4;;966.852222;31.003333;24.943333;20.486667;78.708333;;
83704;31/12/2001;0000;18;2.301075;7;176.3;;;235.5;5.978495;12;163.8;;966.617204;30.609677;24.927097;20.251613;73.483871;;
83704;31/01/2002;0000;5;2.88172;9;206.9;;;246.2;5.935484;9;152.5;;967.08172;32.290323;26.152258;21.209677;72.508065;;
83704;28/02/2002;0000;14;2.285714;6;133.2;;;189.6;6.02381;12;175.9;;967.982143;31.078571;24.987143;20.521429;75.464286;;
83704;31/03/2002;0000;9;2.193548;7;181.6;;;269.8;4.989247;8;66.4;;968.496774;33.829032;27.416129;22.383871;70.798387;;
83704;30/04/2002;0000;14;2.355556;9;245.7;;;266.4;4.011111;4;7.3;;969.006667;34.3;26.854;21.336667;62.125;;
83704;31/05/2002;0000;14;2.548387;7;135.6;;;182.2;5.301075;11;305.7;;970.841935;27.912903;21.874839;17.554839;75.653226;;
83704;30/06/2002;0000;14;2.444444;7;168.8;;;243.1;3.033333;3;14.1;;973.524444;28.473333;21.244667;15.673333;66.666667;;
83704;31/07/2002;0000;14;2.580645;9;155.9;;;188.3;4.989247;5;74.5;;973.558065;25.254839;18.567097;13.641935;69.241935;;
83704;31/08/2002;0000;9;3.172043;9;273.8;;;232.5;4.11828;3;29.7;;971.37957;29.996774;23.056129;17.490323;55.024194;;
83704;30/09/2002;0000;18;3;12;242.7;;;200.5;4.9;6;18.9;;970.737778;29.624138;22.082759;16.624138;57.841667;;
83704;31/10/2002;0000;14;3.054348;12;260;;;175;6.268817;11;84.9;;967.605376;33.983871;26.489677;20.974194;63.951613;;
83704;30/11/2002;0000;14;3.044444;9;198.1;;;205;5.855556;8;203.6;;968.183333;31.766667;25.336;20.08;69.558333;;
83704;31/12/2002;0000;14;2.591398;7;187.6;;;243.5;6.129032;11;304.9;;967.074194;33.045161;26.852903;21.770968;70.564516;;
83704;31/01/2003;0000;14;1.989247;7;132.5;152.333109;152.333109;209.4;6.817204;17;302.9;;966.529032;31.790323;26.36129;22.083871;78.145161;;
83704;28/02/2003;0000;9;2.428915;8;120.4;128.043605;128.043605;162;7.247024;14;136.6;;968.605952;31.985714;25.915714;21.639286;77.303571;;
83704;31/03/2003;0000;5;2.760141;7;173.1;131.322714;131.322714;265.6;5.037634;9;43.4;;968.898925;31.996774;25.62129;21.116129;70.112903;;
83704;30/04/2003;0000;18;2.484196;7;187.6;95.623705;95.623705;222.2;4.825;9;234.6;;970.722222;29.676667;23.422667;18.913793;68.408333;;
83704;31/05/2003;0000;14;2.462676;9;175.7;62.436597;62.436597;258.6;3.655914;3;54.4;;972.541935;26.8;20.001935;14.729032;65.16129;;
83704;30/06/2003;0000;5;1.91797;6;161.6;73.178033;73.178033;230.8;4.297222;2;59;;972.133333;28.416667;21.789333;16.863333;65.541667;;
83704;31/07/2003;0000;;;;;;;;;;0;;;;;;;;
83704;31/08/2003;0000;14;2.923913;7;238.7;47.6223;47.6223;235.8;3.847826;6;91.5;;974.479348;25.245161;;12.074194;;;
83704;30/09/2003;0000;14;2.855556;8;229.8;;;194.9;4.755556;8;134.2;;972.13;28.893333;;16.506667;;;
83704;31/10/2003;0000;14;2.956989;9;221.2;;;237;5.086022;7;106.5;;970.317204;30.993548;;18.83871;64.960526;;
83704;30/11/2003;0000;18;2.612222;7;215.3;;;237.7;5.266667;9;98.8;;968.651111;31.393333;25.072174;19.56;64.894231;;
83704;31/12/2003;0000;9;2.72043;9;175;;;214.8;6.956989;14;171.6;;968.556989;32.06129;26.014839;20.987097;74.725806;;
83704;31/01/2004;0000;14;2.602151;7;201.7;;;283;4.956989;8;114.1;;967.187097;32.670968;26.717333;21.674194;67.927419;;
83704;29/02/2004;0000;14;2.486207;7;202.6;;;249.6;5.321839;8;48.9;;969.474713;32.717241;26.202857;21.024138;65.956897;;
83704;31/03/2004;0000;14;2.397849;7;214;;;269.1;4.397849;8;176.6;;969.988172;32.596774;25.826452;20.406452;64.362903;;
83704;30/04/2004;0000;5;2.444444;7;139.6;;;206.5;6.022222;9;78;;970.767778;30.493333;24.350667;19.923333;76.025;;
83704;31/05/2004;0000;18;2.225806;7;76.7;;;140.7;7;15;325.9;;973.688172;22.467742;17.792903;14.135484;84.193548;;
83704;30/06/2004;0000;9;2.122222;7;118.4;;;175.2;5.088889;10;106.6;;974.813333;23.83;18.423333;14.11;76.916667;;
83704;31/07/2004;0000;9;2.903226;7;131.9;;;171;5.258065;10;105.5;;974.148387;23.751613;18.103871;13.458065;75.177419;;
83704;31/08/2004;0000;9;2.860215;7;233.1;;;269.9;2.774194;2;0.4;;973.812903;28.635484;20.774194;14.335484;54.758065;;
83704;30/09/2004;0000;14;2.633333;7;284.5;;;201.7;4.833333;3;25.6;;971.148889;32.393333;24.542667;18.586667;54.908333;;
83704;31/10/2004;0000;14;2.83871;9;218;;;198.9;5.451613;11;297.4;1011.31087;970.631183;29.522581;23.329677;18.319355;67.580645;;
83704;30/11/2004;0000;14;2.622222;7;197.6;;;208.2;5.955556;7;207.4;;969.638889;30.42;24.372667;19.6;68.45;;
83704;31/12/2004;0000;14;2.473118;9;197;;;236.8;5.88172;11;149.8;;969.575269;31.629032;25.611613;20.825806;68.919355;;
83704;31/01/2005;0000;14;2.301075;9;112.4;;;136.5;7.860215;19;286.7;1007.85;967.480645;30.741935;25.839355;22.316129;81.516129;;
83704;28/02/2005;0000;14;2.130952;5;219.9;;;241.4;5.845238;2;7.4;;969.559524;33.807143;27.404286;22.264286;60.732143;;
83704;31/03/2005;0000;23;2.623656;8;267.5;;;268;4.580645;1;0.1;;969.463441;34.180645;27.348387;21.783871;57.830645;;
83704;30/04/2005;0000;14;2.311111;9;194.5;;;180.4;6.344444;12;228.6;;970.761111;31.636667;25.264;20.39;67.908333;;
83704;31/05/2005;0000;9;2.526882;9;182.8;;;230;4.365591;4;75.8;;971.849462;28.406452;22.188387;17.216129;67.637097;;
83704;30/06/2005;0000;5;2.077778;6;151.3;;;209.1;4.888889;8;63.4;;972.796667;27.803333;21.87;17.616667;71.95;;
83704;31/07/2005;0000;9;2.612903;7;163.1;;;230.9;3.967742;4;25.4;;975.172043;24.483871;17.950968;12.596774;65.572581;;
83704;31/08/2005;0000;5;2.88172;12;301.8;;;242;3.290323;2;2.8;;972.136559;29.922581;22.002581;16.083871;51.846774;;
83704;30/09/2005;0000;18;3.044444;9;154.7;;;151.7;6.588889;12;192.7;;972.957778;24.906667;18.797333;13.8;71.983333;;
83704;31/10/2005;0000;14;2.387097;7;98.5;;;139.3;7.591398;15;222.6;;970.22043;29.348387;23.55871;19.306452;79.435484;;
83704;30/11/2005;0000;14;2.5;7;168.4;;;218.5;5.711111;7;54.2;;967.473333;30.986667;25.22;20.2;66.925;;
83704;31/12/2005;0000;14;2.27957;7;171.6;;;255.7;6.430108;9;105.8;;966.469892;31.7;25.956129;21.074194;68.927419;;
83704;31/01/2006;0000;9;1.956989;6;162.8;;;225;6.870968;15;165.4;;967.530108;32.503226;26.192258;21.709677;73.201613;;
83704;28/02/2006;0000;36;1.892857;6;95.6;;;218.4;6.214286;11;164.1;;966.797619;33.985714;26.367857;21.335714;73.330357;;
83704;31/03/2006;0000;9;2.096774;7;141.4;;;232.4;6.225806;12;164.4;;967.597849;33.032258;26.196774;21.877419;75.959677;;
83704;30/04/2006;0000;14;2.277778;8;97.8;;;229.8;4.877778;7;105.6;;969.948889;30.236667;23.92;19.426667;74.033333;;
83704;31/05/2006;0000;18;2.064516;7;165.2;54.078999;54.078999;252.2;3.451613;3;32.5;;974.363441;25.36129;18.836129;13.693548;66.266129;;
83704;30/06/2006;0000;9;2.422222;7;136.2;61.056497;61.056497;221.5;4.233333;6;32.4;;974.126667;26.866667;20.362667;15.596667;65.616667;;
83704;31/07/2006;0000;14;2.333333;9;137.1;72.016831;67.564504;245.7;4.139785;4;37.8;;973.394624;28.722581;21.328387;15.570968;61.040323;;
83704;31/08/2006;0000;18;2.344086;7;245.6;80.630363;10.4;240.9;4.225806;1;10.4;1013.28172;972.192473;29.677419;21.908387;15.56129;51.854839;;
83704;30/09/2006;0000;9;2.866667;9;197.1;77.829361;77.829361;184.2;5.688889;10;108.1;1012.81;971.705556;28.086667;21.395333;16.02;65.991667;;
83704;31/10/2006;0000;14;2.354839;9;192.9;131.128737;90.170639;195.4;6.580645;7;59.9;;968.446237;31.632258;25.530323;20.687097;68.975806;;
83704;30/11/2006;0000;9;2.755556;10;207.7;135.292864;68.8;215.5;6.411111;12;68.8;;967.634444;31.73;25.602667;20.49;66.25;;
83704;31/12/2006;0000;9;2.193548;7;152.1;158.835383;158.835383;200;7.236559;16;285;;967.727957;32.26129;26.705161;22.1;74.209677;;
83704;31/01/2007;0000;32;2.411828;9;105;147.073918;147.073918;169.3;8.204301;20;155;;966.546237;31.225806;25.967742;22.306452;82.927419;;
83704;28/02/2007;0000;14;1.892857;7;108.1;129.291992;129.291992;195.5;6.666667;14;203.4;;967.740476;31.889286;26.047143;21.717857;76.544643;;
83704;31/03/2007;0000;9;1.745161;5;165.7;140.59893;140.59893;245.1;5.236559;12;103.1;;969.308602;32.970968;26.409032;21.741935;69.967742;;
83704;30/04/2007;0000;14;2.311111;7;149.5;110.770202;110.770202;227.3;5.422222;6;97.3;;970.731111;31.26;24.792;20.166667;70.208333;;
83704;31/05/2007;0000;18;2.612903;9;161.5;64.040097;64.040097;229.7;4.935484;5;56.6;;972.606452;26.587097;20.050968;14.874194;69.274194;;
83704;30/06/2007;0000;9;2.1;7;205.2;62.602854;46.790771;240.5;4.822222;2;5.1;;973.077778;28.733333;20.529333;14.17;62.825;;
83704;31/07/2007;0000;9;2.602151;12;121.3;48.30061;48.30061;212.4;4.709677;6;162.6;1014.83871;973.196774;25.712903;18.111613;12.3;65.120968;;
83704;31/08/2007;0000;18;2.516129;9;130;64.848889;64.848889;222.2;4.580645;3;18.1;1014.77957;973.303226;28.116129;20.133548;14.041935;61.266129;;
83704;30/09/2007;0000;14;2.933333;12;296.4;122.701326;56.251111;204.3;5.333333;1;3;;971.344444;33.54;25.644667;19.733333;49.133333;;
83704;31/10/2007;0000;9;2.266667;7;252.2;141.871353;39.7;179.5;5.989247;7;39.7;;968.412903;33.532258;26.166452;20.412903;62.427419;;
83704;30/11/2007;0000;14;2.411111;9;167.7;123.535273;123.535273;231.6;5.755556;10;209.7;;967.244444;31.096667;24.711333;19.766667;69.091667;;
83704;31/12/2007;0000;14;2.195699;12;189.7;152.860151;152.860151;218.7;6.365591;10;145.5;;966.815054;32.441935;26.324516;21.358065;68.967742;;
83704;31/01/2008;0000;9;2.655914;7;130.1;139.995115;139.995115;183.1;7.602151;13;237.7;1006.98587;966.705376;30.564516;25.432258;21.432258;78.854839;;
83704;29/02/2008;0000;5;1.701149;7;127.8;123.727652;123.727652;205.6;6.873563;14;239.9;1007.9;967.785057;31.124138;25.333793;21.368966;77.474138;;
83704;31/03/2008;0000;14;1.967742;7;167.1;122.203578;122.203578;247.3;4.247312;6;48.3;;968.377419;31.022581;25.098065;20.464516;71.258065;;
83704;30/04/2008;0000;18;2.155556;7;145.3;95.453858;95.453858;213.2;5.377778;10;118.5;;968.735556;29.87;23.615333;18.763333;73.541667;;
83704;31/05/2008;0000;14;1.860526;7;133.5;60.007848;60.007848;195.5;5.072581;4;55.9;1014.27957;972.872043;25.635484;19.732258;15.019355;73.201613;;
83704;30/06/2008;0000;9;2.066667;6;118.8;48.21961;33.945192;169;5.888889;4;24.4;1015.56;973.973333;25.143333;18.476667;13.206667;73.575;;
83704;31/07/2008;0000;9;2.225806;9;236;75.581395;19.821435;254.9;2.989247;2;1.2;;973.739785;29.596774;21.781935;16.170968;56.766129;;
83704;31/08/2008;0000;14;2.591398;9;220;81.711916;81.711916;241.1;4.096774;9;130.6;1011.42043;970.477419;29.76129;22.054194;16.570968;63.290323;;
83704;30/09/2008;0000;14;2.685556;9;247.6;74.32515;74.32515;233.6;3.577778;5;80;;971.552222;28.626667;21.071333;14.93;56.366667;;
83704;31/10/2008;0000;14;2.451613;9;206;123.603245;123.545033;200.5;6.688172;12;123.4;;969.205376;31.693548;25.139355;20.222581;68.951613;;
83704;30/11/2008;0000;14;1.888889;7;171;132.770569;132.770569;230.4;5.144444;7;217.8;;967.238889;31.023333;25.381333;20.52;66.616667;;
83704;31/12/2008;0000;14;1.935794;7;213.7;158.867264;126.974893;277.6;4.709677;7;66.8;;965.822581;33.429032;26.698065;21.351613;62.08871;;
83704;31/01/2009;0000;14;2.311828;7;;131.77835;131.77835;183;6.795699;12;238.7;;967.307527;;;;;;
83704;28/02/2009;0000;9;1.72619;7;;114.721535;114.721535;198;6.869048;12;152.2;;967.072619;;;;;;
83704;31/03/2009;0000;14;1.516129;5;;121.184413;109.980837;223.1;6.11828;6;69.8;;967.291398;;;;;;
83704;30/04/2009;0000;14;1.522222;3;;110.770202;40.059867;278.6;3.411111;0;0;;969.946667;;;;;;
83704;31/05/2009;0000;14;1.892473;6;;108.951472;108.951472;206.2;5.301075;6;141.2;;970.769892;;;;;;
83704;30/06/2009;0000;9;1.766667;4;;102.591412;81.167416;183.9;5.8;9;64.8;;973.048889;;;;;;
83704;31/07/2009;0000;9;1.797873;7.20216;;107.092355;107.092355;128.9;7.301075;11;145.3;;972.362366;;;;;;
83704;31/08/2009;0000;9;2.344086;7;;111.72717;111.72717;218;4.956989;8;152.7;;971.645161;;;;;;
83704;30/09/2009;0000;14;2.377778;7;;114.356926;112.400171;171.2;6.822222;9;93.9;;970.147778;;;;;;
83704;31/10/2009;0000;9;2.113978;7;;124.66632;124.66632;;6.397849;13;275.2;;967.602151;;;;;;
83704;30/11/2009;0000;36;2.11236;9;;126.092168;126.092168;208.9;7.393258;11;192.4;;965.24382;;;;;;
83704;31/12/2009;0000;9;2.301075;7;;133.028869;133.028869;195.8;7.430108;15;200.9;;966.283871;;;;;;
83704;31/01/2010;0000;9;1.956989;7;;131.77835;131.77835;188.5;7.83871;12;247.4;;966.824731;;;;;;
83704;28/02/2010;0000;5;2.22619;7;;114.721535;114.721535;179.4;6.869048;11;157.1;;967.482143;;;;;;
83704;31/03/2010;0000;9;1.989247;9;;121.184413;118.734254;255.9;4.344086;8;98.2;;967.356989;;;;;;
83704;30/04/2010;0000;14;2.055556;9;;110.770202;95.217846;227.5;5.133333;5;67.1;;970.561111;;;;;;
83704;31/05/2010;0000;9;1.989247;7;;108.951472;108.951472;194;5.580645;6;113.3;;972.060215;;;;;;
83704;30/06/2010;0000;9;2.103333;9;;102.591412;41.597525;228.4;4.511111;1;7.4;;973.496667;;;;;;
83704;31/07/2010;0000;14;2.483871;7;;107.092355;59.17622;202.1;4.645161;6;49.8;;973.360215;;;;;;
83704;31/08/2010;0000;9;2.44086;9;;111.72717;15.25186;240.6;5.430108;1;7.4;;973.176344;;;;;;
83704;30/09/2010;0000;14;2.511753;9;;114.356926;114.356926;154.2;5.905556;9;409.3;;969.478889;;;;;;
83704;31/10/2010;0000;14;2.37957;9;;124.66632;124.317831;212.4;5.967742;6;116.2;;968.829032;;;;;;
83704;30/11/2010;0000;14;2.089888;7;;126.092168;126.092168;245.2;4.797753;8;159.9;;966.622472;;;;;;
83704;31/12/2010;0000;14;1.903226;7;;133.028869;133.028869;194.1;7.11828;15;239.3;;964.710753;;;;;;
83704;31/01/2011;0000;14;1.698925;9;;131.77835;131.77835;196.6;7.354839;12;220.2;;965.444086;;;;;;
83704;28/02/2011;0000;5;1.797619;7;;114.721535;114.721535;171.1;8.071429;15;284.3;;967.103571;;;;;;
83704;31/03/2011;0000;23;2.236559;7;;121.184413;121.184413;167.6;8.010753;14;148.2;;967.235484;;;;;;
83704;30/04/2011;0000;14;1.888889;7;;114.071277;114.071277;218.3;5.411111;9;269.9;;969.894444;;;;;;
83704;31/05/2011;0000;14;1.903226;7;;112.198347;72.595049;240.1;4.623656;2;7.8;;972.64086;;;;;;
83704;30/06/2011;0000;18;2.122222;7;;105.64875;91.353744;225.2;3.055556;7;84.7;;972.206667;;;;;;
83704;31/07/2011;0000;9;1.967742;9;;110.283827;110.283827;207.3;4.989247;6;111.9;;971.92043;;;;;;
83704;31/08/2011;0000;5;2.806452;8;;115.056764;38.576035;216.1;5.247312;2;19.8;;971.16129;;;;;;
83704;30/09/2011;0000;14;2.411111;7;260.5;117.76489;70.764647;247.2;4.544444;4;66;;972.001111;30.146667;;;66.241667;;
83704;31/10/2011;0000;14;2.182796;7;219.9;128.381515;128.381515;225.9;5.516129;12;232.3;;967.410753;30.109677;;;71.798387;;
83704;30/11/2011;0000;14;1.6;6;221.2;129.849854;129.849854;277.5;4.966667;4;171.4;;967.594444;30.873333;;;65.433333;;
83704;31/12/2011;0000;18;1.397849;4;289.4;136.993277;134.663113;281.5;4.978495;5;114.6;;966.304301;32.887097;;;63.725806;;
83704;31/01/2012;0000;5;1.537634;6;182.7;135.705491;135.705491;264.1;5.634409;11;144.1;;966.615054;31.832258;;;74.330645;;
83704;29/02/2012;0000;36;1.390805;3;198.1;122.359663;122.359663;232.9;5.988506;10;136;;967.743678;33.396552;;;70.663793;;
83704;31/03/2012;0000;14;1.387097;3;215.7;124.570577;121.023747;259.2;4.806452;7;81.5;;969.167742;31.751613;;;66.5;;
83704;30/04/2012;0000;18;1.411111;4;155.6;113.864503;113.864503;205.1;6.433333;8;150.4;;969.502222;29.486667;;;76.215517;;
83704;31/05/2012;0000;14;1.537634;3;128.4;112.045407;108.929845;231.6;4.462366;5;90.4;;972.17957;26.696774;;;77.35;;
83704;30/06/2012;0000;5;1.477778;4;127.1;105.619937;105.619937;182.7;5.877778;7;312.5;;972.615556;25;;;80.818966;;
83704;31/07/2012;0000;14;1.516129;4;172.6;110.388747;77.088777;222.6;3.741935;3;16;;973.216129;25.932258;;;71.701613;;
83704;31/08/2012;0000;14;1.688172;4;301.1;115.251775;30.991372;281.3;3.172043;1;5;;973.955914;30.153333;;;61.669355;;
83704;30/09/2012;0000;27;1.688889;5;307.3;117.983337;117.983337;242.4;4.733333;5;130.8;;970.917778;32.42;;;57.658333;;
83704;31/10/2012;0000;14;2.058065;8;97.4;128.594628;113.027229;;5.978495;7;108.3;;967.611828;;;;70.966667;;
83704;30/11/2012;0000;23;1.555556;3;;129.993394;129.993394;;6.711111;8;151.4;;966.26;;;;;;
83704;31/12/2012;0000;5;1.666667;5;;137.020774;137.020774;;7.075269;13;165.7;;966.129032;;;;;;
83704;31/01/2013;0000;23;1.846938;5.1444;;135.705491;124.291049;;6.787634;6;87.4;;967.752688;;;;;;
83704;28/02/2013;0000;5;1.656246;4.11552;;118.140364;118.140364;178.9;7.667683;14;165.6;;967.856098;;;;;;
83704;31/03/2013;0000;14;1.582041;5.1444;;124.795844;124.795844;224.6;6.975806;13;228.3;;968.493548;;;;;;
83704;30/04/2013;0000;14;1.680504;4.11552;;114.071277;114.071277;206.9;6.527778;7;140.4;;970.486667;;;;;;
83704;31/05/2013;0000;14;1.666977;5;;112.198347;94.802964;211.5;4.827957;1;46.8;;970.746237;;;;;;
83704;30/06/2013;0000;9;1.444444;3;;105.64875;105.64875;138.5;6.622222;;195.6;;971.898889;;;;;;
83704;31/07/2013;0000;18;1.812903;6;;110.283827;82.666011;231.8;4.419355;;26.1;;974.298925;;;;;;
83704;31/08/2013;0000;9;2.096774;6;;115.056764;29.27887;;4.430108;;0;;972.963441;;;;;;
83704;30/09/2013;0000;27;1.944444;4;;117.76489;101.585445;;5.833333;;104.9;;970.742222;;;;;;
83704;31/10/2013;0000;18;1.752688;8;;128.381515;128.381515;;6.870968;;187.1;;969.404301;;;;;;
83704;30/11/2013;0000;14;1.977778;4;;129.849854;129.849854;;5.644444;;140.5;;967.318889;;;;;;
83704;31/12/2013;0000;14;1.734409;4;;136.993277;129.114945;;6.666667;;110.1;;965.613978;;;;;;
83704;31/01/2014;0000;36;1.462366;3;;135.705491;135.705491;233.7;6.731183;;160.1;;968.848387;;;;;;
83704;28/02/2014;0000;5;1.880952;4;;118.140364;118.140364;190.5;7.678571;;228.1;;968;;;;;;
83704;31/03/2014;0000;14;1.688172;4;;124.795844;124.795844;200.5;6.870968;;147.7;;968.8;;;;;;
83704;30/04/2014;0000;18;1.744444;4;;114.071277;104.842656;196.5;6.6;;67.8;;970.406667;;;;;;
83704;31/05/2014;0000;18;1.752013;4.11552;;112.198347;112.198347;162;6.53869;;148.4;;971.710843;;;;;;
83704;30/06/2014;0000;27;1.794558;5.1444;;105.64875;92.232746;175.3;4.971264;;49.8;;972.598837;;;;;;

