--------------------
BDMEP - INMET
--------------------
Estação           : PARANAIBA - MS (OMM: 83565)
Latitude  (graus) : -19.75
Longitude (graus) : -51.18
Altitude  (metros): 331.25
Estação Operante
Inicio de operação: 07/07/1971
Periodo solicitado dos dados: 30/03/1700 a 12/08/2015
Os dados listados abaixo são os que encontram-se digitados no BDMEP
--------------------
Obs.: Os dados aparecem separados por ; (ponto e vírgula) no formato txt.
      Para o formato planilha XLS, siga as instruções
--------------------
Estacao;Data;Hora;DirecaoVento;VelocidadeVentoMedia;VelocidadeVentoMaximaMedia;EvaporacaoPiche;EvapoBHPotencial;EvapoBHReal;InsolacaoTotal;NebulosidadeMedia;NumDiasPrecipitacao;PrecipitacaoTotal;PressaoNivelMarMedia;PressaoMedia;TempMaximaMedia;TempCompensadaMedia;TempMinimaMedia;UmidadeRelativaMedia;VisibilidadeMedia;
83565;31/07/1971;0000;0;1.169014;7;126.6;;;130.4;2.267606;1;1.6;;968.515493;28.854167;20.114167;13.1;72.0625;;
83565;31/08/1971;0000;0;1.473118;5;255;;;;1.709677;1;4.4;;967.5;31.477419;22.032258;14.212903;65.274194;;
83565;30/09/1971;0000;0;1.288889;12;207.3;;;186.1;4.688889;10;48.2;;965.491111;31.32;23.342;16.39;68.591667;;
83565;31/10/1971;0000;23;1.602151;5;175.9;;;218.7;6.010753;13;60.8;;964.497849;31.274194;23.892903;18.109677;74.040323;;
83565;30/11/1971;0000;9;1.788889;7;183.9;;;229.3;5.933333;10;86.4;;962.474444;31.143333;24.071333;17.67;70.825;;
83565;31/12/1971;0000;0;1.139785;5;93.2;;;157.3;7.924731;21;462.7;;961.855914;30.264516;24.188387;19.454839;83.935484;;
83565;31/01/1972;0000;0;1.333333;12;98.3;;;146.3;8.021505;20;295.8;;962.404301;30.445161;23.703226;19.145161;83.677419;;
83565;29/02/1972;0000;5;1.12069;7;69.2;;;137.6;8.494253;20;222;;962.612644;29.996552;23.965517;20.47931;86.405172;;
83565;31/03/1972;0000;5;0.741935;5;97.3;;;251.3;5.612903;15;144.8;;962.925806;32.077419;24.825806;20.106452;81.669355;;
83565;30/04/1972;0000;0;1.233333;5;124.8;;;243.8;3.7;4;21.6;;965.247778;29.136667;21.890667;16.423333;76.058333;;
83565;31/05/1972;0000;14;0.774194;5;146.1;;;265.5;3.11828;3;114.8;;965.832258;29.86129;21.634194;15.187097;74.483871;;
83565;30/06/1972;0000;0;0.722222;5;138.1;;;265.8;2.011111;0;0;;967.104444;29.206667;20.579333;13.306667;71.675;;
83565;31/07/1972;0000;0;0.795699;5;124.7;;;222.5;4.021505;6;75.4;;967.422581;27.119355;19.149032;13.258065;78.258065;;
83565;31/08/1972;0000;0;1.172043;7;166.6;;;219.1;3.978495;4;14.6;;965.556989;29.422581;21.113548;14.596774;70.991935;;
83565;30/09/1972;0000;0;1.311111;5;182.8;;;208.6;4.511111;11;93;;965.386667;30.8;23.328;17.466667;73.25;;
83565;31/10/1972;0000;5;1.268817;9;150.4;;;225.6;5.612903;11;191;;963.382796;31.619355;24.750323;18.96129;76.290323;;
83565;30/11/1972;0000;0;1.011111;5;86.6;;;154.4;7.344444;19;237.2;;961.74;30.853333;24.798667;20.23;83.641667;;
83565;31/12/1972;0000;0;0.870968;10;114.8;;;239.7;6.494624;15;226.6;;961.537634;31.467742;25.183871;20.287097;79.41129;;
83565;31/01/1973;0000;0;1.010753;5;112.1;;;221.8;6.430108;15;288.2;;963.721505;32.745161;26.364516;22.048387;80.137097;;
83565;28/02/1973;0000;0;0.809524;5;97.2;;;224.8;5.821429;12;243.8;;963.442857;33.060714;26.104286;21.457143;80.982143;;
83565;31/03/1973;0000;0;0.763441;5;103.9;;;220.7;5.408602;14;138.4;;962.578495;32.183871;25.204516;20.306452;81.483871;;
83565;30/04/1973;0000;0;0.488889;3;97.6;;;241.1;4.444444;9;62.2;;964.452222;31.746667;25.077333;19.67;80.708333;;
83565;31/05/1973;0000;0;1;5;112.9;;;267.6;3.107527;7;136.3;;966.830108;28.503226;21.098065;15.322581;80.427419;;
83565;30/06/1973;0000;0;0.488889;3;111.5;;;244.6;2.933333;6;30.8;;966.508889;28.796667;21.052667;14.493333;77.408333;;
83565;31/07/1973;0000;0;1.010753;5;137.5;;;255.8;3.150538;3;19.4;;968.167742;27.616129;19.223226;12.409677;75.314516;;
83565;31/08/1973;0000;0;0.88172;5;198.4;;;238.8;3.344086;2;11.4;;966.453763;30.616129;21.643226;13.86129;70.556452;;
83565;30/09/1973;0000;27;1.422222;12;206.3;;;163;4.788889;6;33.4;;965.444444;31.243333;23.524;16.96;72.216667;;
83565;31/10/1973;0000;23;1.580645;7;190.4;;;227.2;6.043011;8;158.3;;961.923656;31.567742;24.612258;18.148387;74.846774;;
83565;30/11/1973;0000;36;1.166667;7;145.4;;;239.4;5.388889;11;111.1;;962.334444;31.413333;24.796667;18.79;77.508333;;
83565;31/12/1973;0000;0;1.204301;9;106.6;;;177.4;8.225806;23;175.3;;962.003226;31.025806;24.792258;19.529032;82.725806;;
83565;31/01/1974;0000;0;1.107527;5;83.8;;;187.4;7.741935;22;318.5;;961.975269;;;19.216129;84.612903;;
83565;28/02/1974;0000;0;0.511905;3;98.7;;;249.5;5.380952;14;125.6;;962.271429;;;19.364286;80.107143;;
83565;31/03/1974;0000;0;0.634409;5;71.6;;;160.3;7.580645;18;228.3;;961.144086;;;21.148387;86.653226;;
83565;30/04/1974;0000;0;0.744444;5;77.1;;;190.3;6.933333;11;119.2;;964.753333;;;19.637931;85.583333;;
83565;31/05/1974;0000;0;0.537634;3;112.2;;;269.1;2.903226;4;31.8;;967.439785;;;12.486667;78.741935;;
83565;30/06/1974;0000;0;0.922222;5;101.6;;;223.7;4.733333;5;52.4;;966.857778;;;12.896667;79.558333;;
83565;31/07/1974;0000;0;0.655914;3;156.9;;;;1.150538;0;0;;969.587097;;;10.335484;68.959677;;
83565;31/08/1974;0000;0;0.591398;3;217.1;;;260.6;3.333333;3;23;;966.380645;;;11.964516;65.330645;;
83565;30/09/1974;0000;0;0.9;3;252.6;;;219.9;3.5;2;56.8;;965.124444;;;14.913793;67.258333;;
83565;31/10/1974;0000;0;1.064516;5;167.5;;;203.6;6.387097;10;70.4;;963.21828;;;14.619355;75.217742;;
83565;30/11/1974;0000;0;1.233333;7;208;;;283.9;3.822222;4;56.2;;961.775556;;;13.98;70.441667;;
83565;31/12/1974;0000;0;0.849462;7;83.7;;;137.6;8.408602;24;323.2;;961.878495;;;16.119355;85.330645;;
83565;31/01/1975;0000;0;0.83871;7;123.9;;;269.9;5.892473;12;224.2;;962.863441;32.2;25.707407;20.52069;79.225806;;
83565;28/02/1975;0000;0;1.071429;5;106.4;;;207.3;7.178571;13;70.8;;962.22619;32.746429;26.181538;22.011538;80.392857;;
83565;31/03/1975;0000;0;0.827957;5;126.6;;;236;5.989247;11;74;;963.998925;32.429032;25.777241;21.068966;79.024194;;
83565;30/04/1975;0000;0;0.788889;5;99;;;229.5;4.911111;5;256.8;;963.734444;29.482759;23.262857;18.907143;79.641667;;
83565;31/05/1975;0000;32;0.870968;5;129.3;;;269.9;3.010753;1;6.4;;967.143011;27.954839;20.80129;15.522581;74.306452;;
83565;30/06/1975;0000;0;0.777778;7;142.6;;;253.4;1.9;2;3.4;;968.561111;28.793333;20.316;14.283333;73.05;;
83565;31/07/1975;0000;0;1.27957;7;182.1;;;273.8;2.021505;2;20.6;;969.02043;27.417241;19.00069;12.67;68.870968;;
83565;31/08/1975;0000;0;1.290323;5;311.2;;;283.9;1.537634;0;0;;965.791398;33.467742;24.774839;17.225806;55.975806;;
83565;30/09/1975;0000;0;1.655556;7;326.9;;;230.9;2.511111;2;1.4;;964.572222;33.656667;26.426897;20.341379;61.966667;;
83565;31/10/1975;0000;9;1.376344;9;186.7;;;233.2;5.548387;13;157.6;;962.909677;;;19.62069;74.830645;;
83565;30/11/1975;0000;0;1.588889;9;118.2;;;194;7.422222;16;204.1;;961.595556;30.526667;24.878462;20.692308;81.366667;;
83565;31/12/1975;0000;0;0.83871;5;99.7;;;222;7.591398;20;276.3;;962.38172;30.825806;25.17;20.725;82.387097;;
83565;31/01/1976;0000;0;0.967742;9;97.4;;;227.9;6.688172;18;246;;962.358065;31.906452;25.422581;21;80.725806;;
83565;29/02/1976;0000;0;0.977011;5;68.3;;;153.9;7.643678;20;335.5;;962.226437;29.737931;23.922759;20.213793;86.525862;;
83565;31/03/1976;0000;0;0.923077;3;76.2;;;203.4;5.371795;9;83.6;;963.516667;30.411538;24.035385;18.765385;79.480769;;
83565;30/04/1976;0000;0;1.022222;5;90.8;;;220.2;5.233333;7;87.4;;965.363333;29.563333;23.241333;18.596667;78.9;;
83565;31/05/1976;0000;0;1;5;82;;;199.2;6.236559;7;75.2;;966.562366;27.187097;21.170323;16.748387;81.241935;;
83565;30/06/1976;0000;0;1;5;111.3;;;231.5;2.755556;2;1.8;;967.828889;27.35;19.478;13.333333;74.733333;;
83565;31/07/1976;0000;23;1.129032;5;160.4;;;255;2.72043;1;2.8;;969.270968;28.087097;19.947097;13.809677;70.169355;;
83565;31/08/1976;0000;0;1.365591;5;172.6;;;245;4.043011;8;50.4;;966.890323;30.026667;21.787097;16.196774;70.580645;;
83565;30/09/1976;0000;14;1.066667;3;113.6;;;172.6;6.322222;10;104.9;;965.491111;28.226667;21.698667;16.596667;76.533333;;
83565;31/10/1976;0000;23;1.535484;5;147.2;;;240.1;5.655914;10;167;;963.488172;30.806452;23.893548;18.109677;73.629032;;
83565;30/11/1976;0000;0;1.322222;7;116.5;;;219.7;6.766667;12;99.4;;962.065556;30.83;24.271333;19.1;76.416667;;
83565;31/12/1976;0000;5;1.129032;5;81.7;;;154.6;8.16129;20;265;;961.512903;30.112903;24.540645;20.348387;83.693548;;
83565;31/01/1977;0000;9;1.16129;7;75.4;;;139.1;8.451613;24;489.3;;961.135484;29.922581;24.429677;20.606452;86.629032;;
83565;28/02/1977;0000;0;1.25;5;110.7;;;240.9;5.511905;11;95.9;;964.669048;32.578571;25.907857;20.332143;76.446429;;
83565;31/03/1977;0000;5;1.139785;5;123.4;;;241.8;6.043011;13;54.2;;963.327957;33.367742;26.027097;20.996774;76.830645;;
83565;30/04/1977;0000;0;1.133333;5;98.5;;;198.8;5.533333;6;44.4;;964.974444;29.746667;23.486667;18.78;79.1;;
83565;31/05/1977;0000;0;0.978495;3;118.6;;;238.3;4.591398;3;27.4;;967.368817;28.367742;21.319355;15.658065;74.870968;;
83565;30/06/1977;0000;23;0.966667;5;98.3;;;186.8;4.622222;7;54.6;;968.42;28.026667;20.941333;15.773333;77.341667;;
83565;31/07/1977;0000;0;1.311828;5;215;;;270.7;2.623656;0;0;;966.935484;31.441935;23.116774;15.619355;61.516129;;
83565;31/08/1977;0000;23;1.376344;7;247.8;;;230.8;3.774194;1;3.2;;966.132258;31.864516;23.645806;16;57.612903;;
83565;30/09/1977;0000;0;1.2;5;175.2;;;178.2;5.588889;8;71;;965.917778;31.706667;24.301333;17.803333;68.141667;;
83565;31/10/1977;0000;0;1.290323;5;182.1;;;235.9;5.935484;10;129.5;;964.250538;33.183871;26.218065;20.848387;67.096774;;
83565;30/11/1977;0000;5;1.322222;5;91.7;;;173.1;7.855556;19;302.8;;962.622222;30.646667;24.874667;20.96;80.958333;;
83565;31/12/1977;0000;9;1.72043;7;94.8;;;180.9;7.451613;19;313;;962.797849;29.96129;24.654839;21.019355;79.201613;;
83565;31/01/1978;0000;0;1.322581;7;109;;;211.2;6.591398;19;375;;963.22043;31.62;25.802667;21.66129;78.266129;;
83565;28/02/1978;0000;0;1.285714;3;140.6;;;251.5;5.154762;7;127.8;;962.385714;33.375;26.463571;21.414286;72.214286;;
83565;31/03/1978;0000;5;1.188172;3;119.5;;;237.6;4.946237;13;184.2;;963.924731;31.012903;25.223871;20.690323;75.491935;;
83565;30/04/1978;0000;23;0.844444;3;130.9;;;240.6;3.733333;5;25.6;;964.996667;30.58;23.482667;18.086667;68.541667;;
83565;31/05/1978;0000;23;1.010753;5;118.8;;;219;4.688172;12;113.8;;965.894624;27.316129;20.527742;15.322581;70.991935;;
83565;30/06/1978;0000;27;0.788889;3;122.8;;;215.5;3.7;2;6;;969.064444;27.293333;19.969333;13.833333;68.8;;
83565;31/07/1978;0000;0;1.247312;5;154.7;;;252.3;4.311828;6;54.5;;967.109677;28.864516;20.940645;14.870968;65.959677;;
83565;31/08/1978;0000;9;1.182796;5;228.9;;;239.8;2.698925;0;0;;969.143011;29.264516;20.544516;13.464516;49.806452;;
83565;30/09/1978;0000;0;1.488889;7;209.3;;;196.2;5.244444;9;76.3;;966.536667;30.32;23.118667;17.42;58.116667;;
83565;31/10/1978;0000;0;1.333333;5;234.7;;;228.5;5.053763;8;62.4;;963.382796;33.36129;25.76;20.141935;57.701613;;
83565;30/11/1978;0000;23;1.244444;9;;;;212.3;6.633333;16;191.5;;962.945556;30.893333;25.086;20.546667;73.05;;
83565;31/12/1978;0000;9;1.430108;7;;;;210.2;6.365591;19;340.5;;962.715054;30.341935;24.687742;20.464516;77.129032;;
83565;31/01/1979;0000;0;1.11828;5;4.1;;;192.5;7.16129;17;255.9;;961.919355;30.483871;24.392;;77.225806;;
83565;28/02/1979;0000;0;1.047619;5;2.5;;;227.4;5.547619;11;100.7;;962.184524;31.857143;;;73.642857;;
83565;31/03/1979;0000;0;0.948387;3;2.9;;;283.3;4.645161;8;158.2;;963.867742;31.548387;;;69.91129;;
83565;30/04/1979;0000;0;0.966667;5;2.9;;;249.5;4.277778;6;36.8;;965.504444;30.14;22.427;;67.675;;
83565;31/05/1979;0000;0;1.086022;7;3;;;237.6;4.347826;7;43.4;;966.469892;28.909677;;;68.104839;;
83565;30/06/1979;0000;0;0.733333;3;2.8;;;265.9;2.722222;0;0;;970.508889;28.446667;20.516522;;59.025;;
83565;31/07/1979;0000;5;0.956989;5;;;;239.3;3.827957;7;59.7;;970.095699;26.909677;18.34375;13.496774;62.533333;;
83565;31/08/1979;0000;0;1.172043;6;;;;249.9;3.096774;3;13;;965.555914;31.322581;22.461333;16.464516;54.629032;;
83565;30/09/1979;0000;0;1.211111;6;;;;181.1;7.093333;10;111.6;;965.9;28.9;22.734074;17.613333;70.316667;;
83565;31/10/1979;0000;5;1.225806;5;;;;238.1;7.315068;6;92.6;;963.66129;32.909677;25.919333;20.222581;59.290323;;
83565;30/11/1979;0000;0;1.255556;5;;;;255.5;6.985507;13;239.5;;962.407778;30.986667;24.772414;19.473333;69.841667;;
83565;31/12/1979;0000;5;1.064516;5;;;;129.2;8.546512;21;426.5;;962.427957;30.574194;25.104;21.329032;80.322581;;
83565;31/01/1980;0000;5;1.268817;5;;;;228.6;6.586957;15;296.9;;962.397849;30.877419;24.730323;20.23871;76.766667;;
83565;29/02/1980;0000;1;1.597701;9;91.1;;;155.8;8.506329;15;162;;961.463218;30.668966;25.431;20.986207;78.844828;;
83565;31/03/1980;0000;0;0.956989;5;128.7;;;264.7;6.014706;10;68;;964.690323;32.529032;26.093333;20.696774;70.927419;;
83565;30/04/1980;0000;0;1.144444;6;97.8;;;212.4;7.254237;10;88.3;;965.26;30.14;24.338947;19.02;75.133333;;
83565;31/05/1980;0000;1;0.935484;3;113;;;257.6;7.020408;5;46.4;;967.45914;28.993548;;16.083871;69.66129;;
83565;30/06/1980;0000;0;1.1;5;133.6;;;259.4;;3;87;;969.15;27.28;;13.373333;63.791667;;
83565;31/07/1980;0000;0;1.010753;5;149.8;;;233.1;7.073171;0;0;;968.366667;29.080645;;15.16129;62.596774;;
83565;31/08/1980;0000;0;1.311828;5;177;;;204.8;6.894737;2;4.2;;967.423656;31.6;;17.032258;57.290323;;
83565;30/09/1980;0000;0;1.233333;5;166.4;;;178.5;8.839286;11;73.5;;966.498889;29.413333;;15.913333;59.741667;;
83565;31/10/1980;0000;5;1.133333;5;195.8;;;246.1;6.839286;6;134.2;;964.675269;33.464516;26.507692;19.845161;59.282258;;
83565;30/11/1980;0000;0;1.155556;7;133.1;;;231;7.557143;12;158;;962.715556;31.793333;25.78;20.346667;70.15;;
83565;31/12/1980;0000;1;1.290323;10;100.8;;;189.6;7.886076;21;180.7;;961.052688;31.425806;25.36;20.974194;76.983871;;
83565;31/01/1981;0000;5;1.215054;5;95.7;;;188.9;7.895349;19;185.6;;963.184946;31.193548;25.291613;21.012903;79.016129;;
83565;28/02/1981;0000;1;0.97619;3;109.9;;;214.4;6.940299;10;78.8;;964.544048;32.757143;26.001481;20.764286;70.491071;;
83565;31/03/1981;0000;0;0.88172;3;110.7;;;211.1;7.346154;16;205.4;;962.121505;32.367742;25.640667;21.070968;76.193548;;
83565;30/04/1981;0000;0;1;3;121.2;;;256.7;6.297872;6;41.4;;965.448889;30.42;23.28;17.586667;69.508333;;
83565;31/05/1981;0000;0;0.913043;8;133.7;;;287.6;4.022222;1;0.2;;967.333333;30.103226;;15.767742;63.854839;;
83565;30/06/1981;0000;0;0.766667;3;106.2;;;212.2;7.574074;5;90.5;;968.487778;26.21;18.9625;13.25;69.158333;;
83565;31/07/1981;0000;0;0.829032;3;166.9;;;265.2;6.022727;;0;;971.090323;25.845161;17.034737;10.806452;54.862903;;
83565;31/08/1981;0000;0;1.139785;4;234.2;;;228.6;;3;3.9;;966.554839;31.193548;21.68;14.929032;46.653226;;
83565;30/09/1981;0000;5;1.611111;7;266.2;;;177.9;7.736842;2;13.6;;966.103333;33.26;24.825333;17.446667;42.05;;
83565;31/10/1981;0000;0;1.08172;5;166.6;;;187.6;7.75;9;141.8;;963.676344;31.270968;24.945517;19.219355;65.064516;;
83565;30/11/1981;0000;0;0.988889;5;107.1;;;204.6;7.30137;14;186.8;;961.385556;31.593333;25.508;20.653333;74.7;;
83565;31/12/1981;0000;5;1.172043;5;96.7;;;183.7;8;20;225.5;;963.089247;31.122581;24.954839;20.651613;79.540323;;
83565;31/01/1982;0000;5;1.096774;5;86;;;173.6;8.075949;20;300.3;;962.282796;30.216667;24.920714;20.526667;80.854839;;
83565;28/02/1982;0000;5;0.988095;3;99.4;;;211.6;7.161765;13;90.3;;963.961905;31.821429;25.458571;20.35;73.758929;;
83565;31/03/1982;0000;0;0.677419;3;66.3;;;142.8;8.142857;20;323.3;;962.551613;30.380645;24.277333;20.529032;84.943548;;
83565;30/04/1982;0000;0;0.944444;3;120.8;;;251.1;6.232143;5;73.6;;966.382222;29.446667;22.956;17.66;71.775;;
83565;31/05/1982;0000;14;0.860215;5;124.1;;;244;6.018182;6;65.2;;967.304301;28.109677;20.704516;14.63871;69.354839;;
83565;30/06/1982;0000;5;1.066667;5;86.8;;;185.9;6.955224;6;58.2;;967.774444;27.873333;21.25931;16.26;76.808333;;
83565;31/07/1982;0000;0;0.956989;3;141.4;;;255.5;5.617021;3;15.3;;968.055914;28.529032;20.728571;14.445161;65.120968;;
83565;31/08/1982;0000;5;1.193548;5;168.4;;;214.5;6.786885;5;12.7;;967.868817;30.548387;22.652;16.122581;61.540323;;
83565;30/09/1982;0000;14;1.477778;6;209;;;205.6;7.884615;4;23;;966.147778;31.88;24.004;17.693333;57.75;;
83565;31/10/1982;0000;0;1.247312;8;143.9;;;217.4;7.338028;17;258.6;;963.667742;32.193548;25.171613;19.406452;70.524194;;
83565;30/11/1982;0000;5;1.122222;5;89.4;;;207.9;7.225;19;193;;962.774444;32.446667;25.656;20.386667;74.808333;;
83565;31/12/1982;0000;0;1.339785;5;84.3;;;145.6;8.670588;19;285;;963.378495;29.793548;24.060714;19.8;80.298387;;
83565;31/01/1983;0000;0;1.021505;4;85.4;;;169.2;8.47191;23;427.8;;961.232258;31.090323;25.243871;20.929032;82.887097;;
83565;28/02/1983;0000;0;1.166667;7;96.5;;;205;7.480519;12;154;;963.308333;32.321429;25.775714;20.578571;76.526786;;
83565;31/03/1983;0000;5;1.064516;5;106.2;;;217.9;7.422535;13;174.6;;963.963441;31.129032;24.787097;19.651613;76.322581;;
83565;30/04/1983;0000;0;0.877778;6;89;;;219.6;6.9375;13;167;;964.383333;31.343333;24.252667;19.073333;77.808333;;
83565;31/05/1983;0000;;;;;;;;;;;;;;22.822581;;75.41129;;
83565;30/06/1983;0000;0;0.685393;3;81.3;;;189;6.929825;5;19.8;;968.088764;27.524138;20.004138;14.344828;75.35;;
83565;31/07/1983;0000;0;0.870968;5;163.3;;;236.1;6.97619;3;64.8;;966.829032;29.670968;21.52;14.490323;61.653226;;
83565;31/08/1983;0000;0;0.956989;3;193.6;;;260.4;;0;0;;968.880645;30.219355;20.978667;13.066667;52.870968;;
83565;30/09/1983;0000;0;1.344444;5;127.4;;;137.2;8.31746;11;88.1;;965.935556;29.533333;22.757333;16.906667;68.816667;;
83565;31/10/1983;0000;0;1.322581;5;124.5;;;195.8;7.934211;11;153.6;;965.008602;30.44;24.184;18.741935;72.766129;;
83565;30/11/1983;0000;5;0.866667;5;116.2;;;212.6;7.775;13;124.9;;964.145556;30.793333;24.516;18.866667;72.75;;
83565;31/12/1983;0000;5;1.204301;3;82.2;;;193;8.197674;23;245.8;;963.389247;30.309677;23.987097;19.451613;81.153226;;
83565;31/01/1984;0000;5;1.204301;9;120;;;282.4;6.863014;17;325.8;;963.262366;;;;72.419355;;
83565;29/02/1984;0000;0;1.022989;5;118.1;;;247.8;5.616279;10;58.4;;963.486207;;;;72.293103;;
83565;31/03/1984;0000;0;0.860215;3;108.8;;;240.4;5.935484;13;175.2;;962.693548;;;;75;;
83565;30/04/1984;0000;0;0.944444;3;93.5;;;215;5.233333;9;105.4;;965.707778;;;;75.433333;;
83565;31/05/1984;0000;0;0.473118;2;95.6;;;226.8;3.505376;7;59.2;;965.550538;;;;72.943548;;
83565;30/06/1984;0000;0;0.788889;5;131.4;;;221.3;2.577778;0;0;;967.92;;;;63.083333;;
83565;31/07/1984;0000;0;1.096774;5;187.2;;;247.5;2.430108;0;0;;967.483871;;;;51.177419;;
83565;31/08/1984;0000;0;1.376344;5;165.4;;;225.2;6.309091;6;58.2;;967.168817;;;;60.354839;;
83565;30/09/1984;0000;0;1.444444;7;184.7;;;235.6;7;6;28;;965.591111;;;;54.65;;
83565;31/10/1984;0000;0;1.387097;6;212.9;;;266.7;6.45;7;101.6;;963.304301;;;;56.072581;;
83565;30/11/1984;0000;0;1.196667;3;174.5;;;223.5;7.202703;9;74.2;;962.917778;;;;64.483333;;
83565;31/12/1984;0000;5;1.086022;5;94.5;;;163.6;7.97561;18;273.6;;961.604301;;;;77.556452;;
83565;31/01/1985;0000;0;1.032258;5;95.1;;;189.5;8.037037;12;182.8;;960.206452;;;;78.685484;;
83565;28/02/1985;0000;5;0.671429;3;104.5;;;219.4;7.276923;11;129.2;;963.308333;;;;73.517857;;
83565;31/03/1985;0000;14;0.817204;3;69.9;;;196;8.026667;19;382.4;;962.647312;;;;82.701613;;
83565;30/04/1985;0000;0;0.866667;3;87.5;;;250;6.102941;12;131.4;;964.593333;;;;78.058333;;
83565;31/05/1985;0000;0;0.924731;14;118.3;;;271.2;5.888889;1;8.6;;966.83871;;;;68.862903;;
83565;30/06/1985;0000;0;0.688889;3;131.2;;;270.3;6.225806;2;16.8;;969.935556;;;;59.191667;;
83565;31/07/1985;0000;5;1.053763;5;171.9;;;295.7;5.357143;2;13.4;;970.490323;;;;55.830645;;
83565;31/08/1985;0000;0;1.021505;5;224;;;241.9;6.081081;1;2;;967.330108;;;;47.056452;;
83565;30/09/1985;0000;32;1.266667;5;257.1;;;214.4;7.285714;3;3.2;;964.821111;;;;44.758333;;
83565;31/10/1985;0000;0;1.107527;5;269.6;;;251.8;6.639344;5;25;;962.413978;;;;46.362903;;
83565;30/11/1985;0000;0;1.188889;5;201.9;;;241.2;7.52381;12;120.4;;963.137778;;;;59.241667;;
83565;31/12/1985;0000;0;1.075269;3;219.7;;;288.8;6.9375;8;104;;961.011828;;;;57.701613;;
83565;31/01/1993;0000;0;0.901099;3;165.4;;;207.8;7.21519;15;232.4;;964.402174;33.019355;26.360645;22.132258;69.467742;;
83565;28/02/1993;0000;14;1.035714;3;85;;;124.2;8.111111;20;249.9;;963.763855;29.992857;24.271429;21.178571;81.232143;;
83565;31/03/1993;0000;0;0.634409;3;140.4;;;221.1;7.013158;16;109.8;;964.541935;32.974194;26.183226;21.574194;69.854839;;
83565;30/04/1993;0000;5;0.533333;2;116.5;;;245.1;6.071429;;61.8;;964.93;32.1;25.364;21.18;71.025;;
83565;31/05/1993;0000;0;0.795699;4;149.4;;;245.6;6.319149;;41.2;;966.788172;29.690323;22.234839;17.283871;67.354839;;
83565;30/06/1993;0000;0;0.655556;3;127.1;;;218.5;6.688889;;23;;968.804444;28.313333;20.72;15.133333;66.758333;;
83565;31/07/1993;0000;0;0.88172;5;213.3;;;234.9;6.565217;;0.8;;968.84086;29.606452;20.883871;14.754839;52.862903;;
83565;31/08/1993;0000;0;0.817204;4;196.8;;;201.5;;;31.3;;968.349462;30.032258;22.089677;15.922581;55.645161;;
83565;30/09/1993;0000;36;1.033333;4;126.6;;;145.7;8.257576;;144.2;;965.252222;30.8;23.836;19.333333;71.975;;
83565;31/10/1993;0000;5;1.129032;5;177.3;;;220;7.555556;;56.7;;964.902151;32.864516;26.157419;21.316129;63.290323;;
83565;30/11/1993;0000;5;1.5;6;216.1;;;263.9;4.855556;10;61.2;;962.622222;35.173333;27.807333;22.463333;59.675;;
83565;31/12/1993;0000;32;1.247312;5;113;;;151.6;7.537634;20;230.2;;962.013978;31.354839;25.683226;22.196774;78.145161;;
83565;31/01/1994;0000;0;1.010753;5;99.8;;;178.5;6.795699;22;318.2;;962.335484;31.632258;25.325161;21.741935;77.895161;;
83565;28/02/1994;0000;0;1;5;118.6;;;234.4;5.821429;;182.6;;963.695238;33.507143;26.688571;22.328571;72.919643;;
83565;31/03/1994;0000;9;0.741935;3;104.1;;;209.8;6.591398;14;247;;963.66129;31.329032;25.252903;21.645161;77.693548;;
83565;30/04/1994;0000;32;0.722222;2;112.3;;;238.5;4.088889;;35.2;;965.622222;31.46;24.986667;20.69;71.316667;;
83565;31/05/1994;0000;0;0.634409;3;135.1;;;228.2;3.376344;;18.6;;967.048387;29.986667;23.12129;18.006452;67.072581;;
83565;30/06/1994;0000;5;0.766667;5;157.1;;;220.7;2.822222;;17.4;;968.496667;29.373333;21.192;15.213333;58.025;;
83565;31/07/1994;0000;5;0.956989;5;202.8;;;244.8;2.182796;2;20.4;;969.447312;29.348387;20.934194;14.23871;54.508065;;
83565;31/08/1994;0000;0;0.763441;4;275.6;;;274.1;1.021505;;0;;968.231183;32.651613;23.505161;16.293548;41.709677;;
83565;30/09/1994;0000;0;1.288889;5;332;;;229;2.842697;;8.8;;966.276667;34.86;26.625333;20.02;45.591667;;
83565;31/10/1994;0000;0;1.129032;5;222.3;;;214;5.354839;;129.4;;963.664516;34.36;27.355484;22.170968;57.701613;;
83565;30/11/1994;0000;27;1.177778;5;176.9;;;249;5.577778;11;127.4;;962.764444;33.346667;26.872;21.986667;63.566667;;
83565;31/12/1994;0000;0;1.054348;3;139.2;;;209.3;6.75;15;250.4;;962.584946;33.387097;26.819355;22.76129;72.443548;;
83565;31/01/1995;0000;0;0.903226;5;112.5;;;198.4;6.817204;17;279.2;;964.006452;32.825806;26.776129;22.9;75.185484;;
83565;28/02/1995;0000;23;0.809524;3;65.3;;;145.2;7.297619;23;341.6;;963.344048;31.107143;25.174286;21.928571;82.875;;
83565;31/03/1995;0000;0;0.806452;5;116.6;;;250.6;5.021505;;64.6;;963.582796;32.535484;25.952258;21.677419;72.733871;;
83565;30/04/1995;0000;0;0.733333;5;129.9;;;244.4;4.188889;;33.8;;964.825556;31.103333;24.15;19.106667;66.508333;;
83565;31/05/1995;0000;0;0.430108;3;132;;;218;3.967742;;10;;966.878495;29.709677;22.237419;17.103226;66.741935;;
83565;30/06/1995;0000;0;0.744444;3;164.9;;;208.4;3.555556;;20.6;;968.377778;29.253333;21.737333;16.186667;61.55;;
83565;31/07/1995;0000;5;0.913978;4;215.7;;;235.3;3.086022;;2.6;;967.546237;30.929032;23.310968;17.735484;55.620968;;
83565;31/08/1995;0000;0;0.956989;4;320.5;;;287.4;1.817204;;0.2;;966.629032;34.516129;25.750323;18.325806;40.201613;;
83565;30/09/1995;0000;0;1.4;5;288.4;;;216.9;3.577778;;35.2;;966.854444;33.58;25.774667;19.446667;47.516667;;
83565;31/10/1995;0000;0;1.16129;5;199.4;;;213.9;4.870968;;87;;963.91828;32.109677;25.270968;19.993548;61.508065;;
83565;30/11/1995;0000;0;1.288889;5;192.4;;;237.6;5.266667;;66.6;;963.011111;33.246667;26.499333;21.21;59.008333;;
83565;31/12/1995;0000;0;1.225806;5;164.8;;;218.2;5.763441;16;90.4;;961.586022;32.83871;26.667742;22.254839;68.080645;;
83565;31/01/1996;0000;36;1.021505;4;125.9;;;219;6.322581;19;217.8;;962.32043;32.480645;26.22;22.135484;73.596774;;
83565;29/02/1996;0000;5;0.965517;3;108.8;;;194.8;6.952381;16;172.2;;963.165517;32.662069;26.584828;22.958621;74.594828;;
83565;31/03/1996;0000;32;0.795699;3;97.1;;;209.7;6.16129;;226;;963.55914;31.716129;25.714194;21.854839;78.104839;;
83565;30/04/1996;0000;36;0.755556;4;125.2;;;245.7;2.988889;;119.6;;965.353333;31.233333;24.802667;20.106667;69.925;;
83565;31/05/1996;0000;0;0.602151;2;105.7;;;225.9;4.064516;;103.8;;967.193548;28.851613;22.46;17.796774;73.120968;;
83565;30/06/1996;0000;0;0.655556;4;119.3;;;195.5;3.033333;;16.6;;969.736667;26.833333;19.64;14.366667;67.483333;;
83565;31/07/1996;0000;0;0.752688;3;167.7;;;253.1;1.978495;;3.6;;969.865591;28.941935;20.251613;13.83871;57.75;;
83565;31/08/1996;0000;0;1.010753;4;249.8;;;241.3;2.795699;;10.8;;967.174194;32.348387;24.178065;17.903226;51.177419;;
83565;30/09/1996;0000;5;0.977778;6;175.5;;;213.8;4.155556;;121.2;;966.043333;30.466667;23.767333;18.563333;64.008333;;
83565;31/10/1996;0000;36;1.075269;5;169.1;;;227;5.215054;;147;;963.507527;32.2;25.649032;20.909677;68.112903;;
83565;30/11/1996;0000;32;1.166667;4;117.3;;;187;6.855556;17;290.8;;962.06;30.313333;24.923333;20.936667;75.325;;
83565;31/12/1996;0000;9;1.129032;3;121.8;;;187.6;7.612903;18;219.2;;962.222581;31.516129;25.740645;21.677419;76.120968;;
83565;31/01/1997;0000;32;1.225806;5;79;;;150.7;7.795699;25;299.3;;961.164516;30.332258;24.816774;21.383871;82.41129;;
83565;28/02/1997;0000;0;0.97619;4;108.5;;;199.5;5.845238;10;97;;964.27381;31.928571;26.12;22.210714;73.053571;;
83565;31/03/1997;0000;0;0.913978;5;125.1;;;241.7;5.44086;;177.8;;962.975269;31.253333;25.47871;21.36129;71.629032;;
83565;30/04/1997;0000;0;0.6;2;124.4;;;245;4.477778;;140;;965.316667;30.253333;24.118667;19.706667;69.583333;;
83565;31/05/1997;0000;0;0.709677;3;119.1;;;227.1;4.150538;;56.6;;968.210753;27.819355;21.828387;17.432258;69.379032;;
83565;30/06/1997;0000;0;0.955556;5;104.1;;;183.2;3.633333;;94;;965.782222;26.393333;19.882667;15.16;70.9;;
83565;31/07/1997;0000;0;0.688172;4;161.1;;;248.6;2.44086;;0;;969.580645;28.780645;21.122581;14.819355;58.508065;;
83565;31/08/1997;0000;0;1.053763;6;238;;;271.3;1.516129;;0;;968.877419;31.2;23.018065;16.174194;47.540323;;
83565;30/09/1997;0000;0;0.926667;5;246.3;;;229.7;3.877778;;24.8;;963.573333;34.613333;26.777333;20.853333;53.416667;;
83565;31/10/1997;0000;0;1.096774;5;220.2;;;222.4;4.892473;;177.8;;962.731183;33.645161;26.826452;21.46129;60.024194;;
83565;30/11/1997;0000;14;1;6;138.5;;;189.7;7.3;15;242.6;;962.662222;32.74;26.497333;22.453333;73.383333;;
83565;31/12/1997;0000;0;1.032258;5;128.7;;;234.4;6.075269;18;230.8;;962.984946;32.277419;26.179355;21.993548;73.991935;;
83565;31/01/1998;0000;0;0.817204;5;141.5;;;255.5;5.645161;13;186.4;;962.921505;33.387097;27.050323;22.774194;71.951613;;
83565;28/02/1998;0000;5;0.928571;3;95.5;;;150.8;7.678571;16;179.6;;963.804762;32.62963;26.73;23.085714;77.6875;;
83565;31/03/1998;0000;0;0.784946;5;95.6;;;199.7;6.763441;15;131;;964.403226;32.2;26.052258;22.335484;78.403226;;
83565;30/04/1998;0000;0;0.733333;4;108;;;222.1;4.4;10;124.5;;965.008889;31.393333;25.274667;20.92;72.941667;;
83565;31/05/1998;0000;0;0.505376;3;103.8;;;169.8;4.236559;9;81.6;;968.145161;27.533333;21.291613;16.825806;71.701613;;
83565;30/06/1998;0000;0;0.611111;5;116.2;;;197.4;3.422222;0;0;;969.636667;27.74;20.84;15.453333;67.025;;
83565;31/07/1998;0000;0;0.580645;4;196.6;;;250.4;1.44086;1;0.6;;968.583871;30.633333;22.107742;15.393333;52.879032;;
83565;31/08/1998;0000;0;0.978495;4;192.9;;;211.9;3.913978;10;31.6;;966.521505;31.293333;23.420645;17.655172;59.637097;;
83565;30/09/1998;0000;0;1.044444;4;172.3;;;185.2;4.822222;6;93.8;;966.355556;31.537931;24.218;19.006667;62.55;;
83565;31/10/1998;0000;0;0.989247;4;148.8;;;218;5.817204;10;160.2;;964.684946;31.786667;25.283871;20.883871;69.967742;;
83565;30/11/1998;0000;0;0.788889;3;144.8;;;248.7;5.123596;8;89;;962.204444;32.617241;26.096667;21.286207;65;;
83565;31/12/1998;0000;0;0.752688;5;113.1;;;177.6;7.075269;20;281.8;;961.966667;31.574194;25.458065;21.854839;77.927419;;
83565;31/01/1999;0000;0;0.709677;4;102.7;;;170.7;7.247312;19;392.2;;962.184946;31.9;25.765161;22.045161;77.895161;;
83565;28/02/1999;0000;32;0.738095;3;114.5;;;208.8;6.571429;;104.4;;963.29881;32.814286;26.302857;22.264286;73.875;;
83565;31/03/1999;0000;36;0.935484;4;107.1;;;228;5.655914;;68.8;;962.407527;31.83871;26.092903;21.941935;75.967742;;
83565;30/04/1999;0000;0;0.688889;4;164.1;;;263.5;3.066667;;27;;966.578889;31.433333;24.202667;18.673333;62.733333;;
83565;31/05/1999;0000;0;0.645161;3;174.3;;;255.3;2.849462;;18.6;;967.451613;29.148387;21.337419;15.445161;60.887097;;
83565;30/06/1999;0000;0;0.633333;4;161.9;;;219.5;2.922222;;22.8;;967.388889;29.166667;21.137333;15.126667;62.891667;;
83565;31/07/1999;0000;0;0.777419;6;199.4;;;249.3;2.946237;;0.4;;969.009677;30.76129;23.021935;17.154839;57.290323;;
83565;31/08/1999;0000;18;0.946237;4;289.6;;;276.2;1.913978;;0;;968.715054;31.803226;23.120645;16.006452;42.604839;;
83565;30/09/1999;0000;5;1.006667;4;256.3;;;233.2;4.266667;;43.1;;963.865556;33.38;25.476;19.406667;52.266667;;
83565;31/10/1999;0000;0;1.324731;5;229.2;;;248.3;4.548387;;29;;964.270968;34.193548;26.601935;20.519355;52.427419;;
83565;30/11/1999;0000;18;1.088889;5;190.6;;;244.4;5.033333;;59.7;;962.196667;32.493333;25.237333;20.2;59.9;;
83565;31/12/1999;0000;18;1.27957;5;187.3;;;225.1;6.172043;17;313.4;;961.78172;32.806452;26.117419;22.028571;67.741935;;
83565;31/01/2000;0000;0;0.887097;3;127.5;;;214.4;6.774194;17;269.8;;961.198925;32.212903;26.333548;22.416129;75.879032;;
83565;29/02/2000;0000;0;1.022989;4;101.6;;;179.4;7.586207;16;261.6;;963.27931;31.337931;25.654483;22.07931;78.474138;;
83565;31/03/2000;0000;0;0.774194;6;82.8;;;166.5;6.709677;20;326.2;;963.253763;29.787097;24.839355;21.319355;82.903226;;
83565;30/04/2000;0000;0;0.7;3;140.7;;;265.5;2.677778;4;7.1;;965.774444;30.793333;24.585333;19.1;66.108333;;
83565;31/05/2000;0000;0;0.715909;3;147.1;;;200.3;3.910112;4;11.4;;967.225843;29.103448;21.653793;15.496552;63.887931;;
83565;30/06/2000;0000;0;0.8;5;190.1;;;212.3;2.9;0;0;;967.662222;30.046667;21.93;14.67;55.983333;;
83565;31/07/2000;0000;0;0.795699;5;189.1;;;211.4;3.83871;4;31.2;;968.430108;27.567742;18.656774;10.812903;54.16129;;
83565;31/08/2000;0000;0;1.030108;6;199.2;;;234.6;3.88172;6;52.8;;966.943011;31.148387;22.890968;15.125806;55.725806;;
83565;30/09/2000;0000;5;1.155556;5;139.2;;;195.8;5.622222;9;120.8;;965.855556;29.913333;23.356667;17.116667;69.175;;
83565;31/10/2000;0000;0;1.086022;5;247.6;;;259.8;4.763441;5;60;;964.204301;34.941935;27.267097;19.706452;54.104839;;
83565;30/11/2000;0000;5;1.266667;6;151;;;252.7;6.155556;10;251.8;;961.765556;32.22069;25.299333;19.053333;68.975;;
83565;31/12/2000;0000;0;0.909677;4;119.7;;;201;7.064516;19;165.8;;961.996774;31.051613;24.962581;18.832258;75.322581;;
83565;31/01/2001;0000;5;1.129032;5;133.8;;;231.2;6.602151;15;161.4;;964.6;32.058065;25.452258;18.996774;72.572581;;
83565;28/02/2001;0000;0;0.928571;5;99.2;;;209.8;6.428571;16;118;;963.664286;32.785714;25.82;19.128571;72.544643;;
83565;31/03/2001;0000;0;1.043011;5;129.1;;;240;5.354839;12;108.4;;964.193548;31.967742;25.446452;18.393548;72.064516;;
83565;30/04/2001;0000;0;0.888889;4;159.8;;;256;3.2;4;16.6;;965.768889;32.833333;25.6;17.51;62.275;;
83565;31/05/2001;0000;0;1.021505;7;121.3;;;198.4;4.83871;8;123;;966.904301;27.722581;20.443871;13.003226;70.725806;;
83565;30/06/2001;0000;0;0.755556;4;118.6;;;201.8;3.444444;3;8.6;;969.74;26.446667;18.706667;10.266667;68.733333;;
83565;31/07/2001;0000;0;1.046237;5;172.2;;;228.5;2.924731;4;10.6;;968.264516;29.329032;20.90129;13.456667;59.572581;;
83565;31/08/2001;0000;0;1.258065;4;232.1;;;258.4;2.322581;5;27.2;;969.751613;30.619355;22.909677;16.693548;51.120968;;
83565;30/09/2001;0000;0;1.324324;4;203.1;;;225.7;3.202703;9;78.2;;965.508108;32.246667;24.833333;18.746667;;;
83565;31/10/2001;0000;0;0.935484;3;204;;;248.3;4.564516;8;32.4;;964.827419;32.496774;25.680645;20.441935;;;
83565;30/11/2001;0000;5;1.116667;3;85.8;;;206.6;6.866667;19;167.8;;963.106667;31.466667;26.144667;22.223333;;;
83565;31/12/2001;0000;0;1.016129;5;101.3;;;183.4;7;19;332;;962.808065;30.664516;25.051613;21.325806;;;
83565;31/01/2002;0000;0;1.032258;4;119.6;;;205.3;6.564516;15;265.2;1009.52459;963.022581;31.290323;25.783226;21.854839;;;
83565;28/02/2002;0000;0;0.875;3;85.2;;;159.9;7.017857;19;324.6;;964.001786;30.442857;25.230714;21.457143;;;
83565;31/03/2002;0000;0;0.645161;4;130.3;;;272.3;4.16129;11;92;;964.953226;32.43871;26.538065;21.841935;;;
83565;30/04/2002;0000;0;0.383333;3;189.5;;;291.9;1.183333;0;0;;965.116667;33.613333;26.978667;21.46;;;
83565;30/06/2002;0000;0;0.271186;2;181.1;;;247.2;1.779661;0;0;;969.574576;31.143333;23.010667;16.68;61.785714;;
83565;31/07/2002;0000;0;0.451613;3;154;;;213.6;3.677419;3;46.2;;969.535484;28.735484;20.983871;14.532258;66.596774;;
83565;31/08/2002;0000;0;0.741935;3;192;;;244.7;2.467742;2;15;1014.9;967.983871;32.206452;24.467097;17.83871;58.758621;;
83565;30/09/2002;0000;0;1.033333;6;170.5;;;179.2;5.25;9;47.4;;966.83;30.36;23.552667;18.117241;63.033333;;
83565;31/10/2002;0000;0;1.177778;5;262.8;;;245;5.522222;5;28.2;;962.974444;36.316129;28.688387;23.209677;52.943548;;
83565;30/11/2002;0000;5;1.511111;4;156.2;;;196.5;6.677778;12;106.6;;963.702222;32.966667;26.645333;22.133333;67.275;;
83565;31/12/2002;0000;0;1.172043;3;158.1;;;256.4;6.193548;16;116;;962.934409;33.922581;27.741935;22.732258;66.935484;;
83565;31/01/2003;0000;5;1.301075;6;87.5;137.607776;137.607776;157.3;7.892473;26;522.2;;962.801075;31.154839;25.530323;21.448387;82.169355;;
83565;28/02/2003;0000;5;1.142857;3;101.4;130.775807;130.775807;224.7;6.333333;15;149.8;;964.711905;32.264286;26.359286;21.442857;73.464286;;
83565;31/03/2003;0000;5;1.053763;4;103;127.420135;127.420135;210.2;5.774194;14;295.4;;964.653763;30.890323;25.535484;21.454839;76.056452;;
83565;30/04/2003;0000;0;0.844444;3;97.8;104.88193;104.88193;206.2;5.066667;9;76.4;;966.38;29.926667;24.463333;20.123333;72.883333;;
83565;31/05/2003;0000;;;;;;;;;1;1.8;;;;;;;;
83565;30/06/2003;0000;0;0.122449;2;;78.290876;78.290876;209;0.469388;;0;;968.808163;29.92;22.2984;15.948;66.166667;;
83565;31/07/2003;0000;0;0.548387;2;203.6;73.765004;21.709124;245.2;2.354839;1;0.4;;970.204839;29.864516;21.839355;15.229032;57.333333;;
83565;31/12/2003;0000;5;1.147541;3;129.5;;;228.8;6.737705;15;205.6;;963.583607;32.606452;26.816129;22.56129;77.782258;;
83565;31/01/2004;0000;5;1.193548;4;115.1;;;197.5;7.048387;17;206.6;;961.559677;31.135484;26.089032;22.383871;81.193548;;
83565;29/02/2004;0000;0;1.017241;3;97.2;;;197;6.034483;16;259.8;;963.85;30.917241;25.492414;21.203448;81.275862;;
83565;31/03/2004;0000;0;0.725806;3;139.1;;;271.4;2.967742;5;91.8;;964.217742;31.974194;25.98129;20.809677;76.095238;;
83565;30/04/2004;0000;0;1.016667;4;115.4;;;214.7;4.683333;8;132;;965.391667;31.1;25.225333;20.906667;;;
83565;31/05/2004;0000;0;0.709677;3;89.4;;;175.9;6.387097;10;55.6;;968.704839;26.509677;20.770323;16.477419;;;
83565;30/06/2004;0000;0;0.466667;3;113.7;;;204.3;3.616667;4;23.8;;970.686667;27.046667;20.056667;14.236667;;;
83565;31/07/2004;0000;0;0.887097;3;140.7;;;227.1;3.225806;3;23.8;1017.49;969.525806;27.141935;20.054194;14.06129;;;
83565;31/08/2004;0000;0;0.580645;3;224.9;;;278.3;1.741935;0;0;;969.632258;31.432258;22.936129;15.145161;;;
83565;30/09/2004;0000;0;1.05;3;320.2;;;270.6;1.916667;2;1.6;1012.18;966.013333;35.753333;27.456667;19.723333;;;
83565;31/10/2004;0000;0;1.16129;5;144.9;;;170.9;6.629032;13;155.4;;964.840323;30.567742;24.571613;19.993548;;;
83565;30/11/2004;0000;0;1.166667;4;159.4;;;248.5;4.816667;11;123;;963.626667;31.68;25.888667;21.206667;;;
83565;31/12/2004;0000;5;1.048387;3;118.5;;;229.3;6.612903;19;338.6;;963.369355;31.741935;25.667742;21.841935;;;
83565;31/01/2005;0000;5;1.048387;3;81.4;;;158.5;8.387097;23;417.8;;962.217742;31.090323;25.781935;22.46129;;;
83565;28/02/2005;0000;0;0.642857;3;154.4;;;274;3.321429;7;64.4;;962.971429;33.107143;27.059286;21.655556;;;
83565;31/03/2005;0000;5;1.112903;6;117.1;;;240.8;5.177419;12;155.9;;964.333871;31.896774;26.242581;21.625806;;;
83565;30/04/2005;0000;0;0.616667;2;140.8;;;237;3.666667;2;14;;966.126667;31.886667;26.005333;20.563333;;;
83565;31/05/2005;0000;0;0.66129;3;153.4;;;243.1;2;5;80;;967.214516;29.380645;22.692903;15.96129;;;
83565;30/06/2005;0000;0;0.7;4;118.5;;;205.8;2.916667;3;41.2;;969.015;28.28;21.586667;15.093333;;;
83565;31/07/2005;0000;0;0.822581;3;139.8;;;213.7;3.290323;2;41.2;;971.05;26.341935;19.325161;12.390323;;;
83565;31/08/2005;0000;5;1.258065;6;232.5;;;270.7;2.806452;2;8.4;;967.865591;31.041935;23.014839;16.525806;50.798387;;
83565;30/09/2005;0000;0;1.244444;5;151.4;;;178.1;6.177778;13;91.3;;966.728889;29.646667;23.138667;18.15;68.658333;;
83565;31/10/2005;0000;0;1.172043;4;173.7;;;203.2;6.344086;12;86.4;;963.696774;33.612903;26.891613;21.974194;64.790323;;
83565;30/11/2005;0000;0;1.133333;3;136.9;;;210.2;6.344444;13;159.4;;962.298889;31.713333;26.124;21.746667;69.45;;
83565;31/12/2005;0000;5;1.205882;3;98.6;;;;7.058824;14;259;;962.063235;30.5;25.24129;21.43871;;;
83565;31/01/2006;0000;5;1.137931;5;148.3;;;233.9;6.816092;15;318.6;;963.666667;32.135484;26.429032;21.948387;66.29;;
83565;28/02/2006;0000;0;0.988095;4;88.5;;;188.7;7.392857;21;544.4;;962.575;31.785714;25.76;21.692857;78.892857;;
83565;31/03/2006;0000;5;1.043011;3;97.5;;;239;6.645161;14;165;;963.273118;31.6;26.019355;21.887097;77.556452;;
83565;30/04/2006;0000;0;0.78;3;107.1;;;238.8;4.455556;8;35.6;;964.764444;30.533333;24.932;20.173333;72.1;;
83565;31/05/2006;0000;0;0.784946;3;140.8;61.30285;49.4;249.1;2.655914;4;23.4;;968.7;27.406452;20.294194;13.954839;63.645161;;
83565;30/06/2006;0000;0;1.011111;3;169.3;65.442147;0;241.7;3.455556;0;0;;969.318889;28.713333;21.246667;14.64;59.566667;;
83565;31/07/2006;0000;0;1.096774;4;214.7;78.606392;2.4;255.9;2.741935;1;2.4;;969.078495;30.232258;22.276774;15.490323;52.806452;;
83565;31/08/2006;0000;5;1.424658;4;257.9;103.720659;30;288.5;2.534247;3;30;;967.834247;32.587097;24.230968;16.783871;;;
83565;30/09/2006;0000;5;1.644444;4;216.9;102.96682;6.2;226.8;5.388889;6;6.2;;966.577778;31.3;24.067333;17.653333;56.525;;
83565;31/10/2006;0000;5;1.419355;4;136.1;134.974712;119.4;222;7.107527;12;119.4;;963.650538;32.245161;25.819355;20.048387;66.637097;;
83565;30/11/2006;0000;0;1.2;3;128.9;135.81707;135.81707;232.4;6.933333;15;198.2;;962.74;32.04;25.836667;20.123333;68.633333;;
83565;31/12/2006;0000;5;1.09589;3;46.2;138.330472;138.330472;174.7;8.219178;25;506.8;;963.650685;31.251613;25.516774;20.383871;;;
83565;31/01/2007;0000;5;1.27957;4;38.5;131.234003;131.234003;125.9;8.731183;27;525;;963.012903;30.845161;25.125161;20.109677;83.540323;;
83565;28/02/2007;0000;5;1.190476;4;43.2;130.794508;130.794508;220.2;6.642857;11;108;1009.20119;963.127381;31.757143;26.227857;21.810714;74.071429;;
83565;31/03/2007;0000;5;1;3;65.9;141.932736;141.932736;250.1;5.44086;10;166.8;;964.884946;32.451613;26.529032;21.635484;67.758065;;
83565;30/04/2007;0000;0;0.977778;3;96;119.914128;119.914128;244.2;4.911111;5;91;;965.452222;31.713333;25.738667;20.23;68.083333;;
83565;31/05/2007;0000;5;1.301075;4;138.1;76.787157;76.787157;240.6;4.258065;4;96.4;;967.330108;28.703226;21.84129;15.206452;62.629032;;
83565;30/06/2007;0000;0;0.844444;3;84.9;68.941777;68.941777;238.3;2.722222;2;3.6;1016.05;968.846667;29.4;21.574;13.87;58.758333;;
83565;31/07/2007;0000;0;1.068493;3;88.5;60.386591;60.386591;231.8;3.246575;4;37.8;;968.971233;28.866667;20.353548;12.745161;;;
83565;31/08/2007;0000;5;1.591398;4;239.1;88.890531;2.770347;284.8;2.032258;0;0;;968.236559;31.051613;23.030323;15.741935;50.91129;;
83565;30/09/2007;0000;5;1.766667;5;313.6;143.059737;14.6;265;2.8;2;14.6;;966.624444;34.993333;27.148667;19.84;38.783333;;
83565;31/10/2007;0000;0;1.311828;4;227.6;171.498001;132.4;218;6.026882;6;78.4;;963.758065;34.419355;28.006452;22.474194;52.669355;;
83565;30/11/2007;0000;14;1.378889;4;71.5;138.789135;69.4;197;7.133333;11;69.4;;962.526667;31.373333;25.955333;21.673333;68.3;;
83565;31/12/2007;0000;5;1.247312;4;47.3;;;245;6.924731;17;200.8;;962.348387;32.187097;26.321935;21.816129;69.266129;;
83565;31/01/2008;0000;5;1.013699;3;26.5;135.678539;135.678539;159.6;7.986301;22;331.8;;962.669863;30.548387;25.371613;21.358065;;;
83565;29/02/2008;0000;0;1.103448;7;32.8;113.609885;113.609885;177.4;7.862069;18;215.6;;963.668966;30.558621;24.69931;20.558621;82.267241;;
83565;31/03/2008;0000;0;0.784946;3;30.9;120.352681;120.352681;220.4;6.333333;13;314.2;;963.829032;29.825806;24.992903;20.996774;77.274194;;
83565;30/04/2008;0000;0;0.866667;4;28.4;96.533698;96.533698;213.3;6.555556;10;124.8;1010.05;963.685556;30.08;24.696667;20.853333;78.325;;
83565;31/05/2008;0000;0;0.774194;4;48.3;66.424912;66.424912;200.9;4.841398;6;51.2;1015.11087;967.748387;26.845161;21.007097;16.006452;70.693548;;
83565;30/06/2008;0000;0;0.855556;3;52.7;68.034821;41.84154;225.6;5.166667;0;0;;968.806667;28.06;21.527333;16.08;67.325;;
83565;31/07/2008;0000;0;0.913978;3;172.6;76.687599;22.992556;267.1;2.064516;0;0;;969.494624;30.090323;22.156129;15.048387;48.233871;;
83565;31/08/2008;0000;5;1.408602;4;245.1;138.096576;36.07077;270.1;2.978495;6;22.4;;966.339785;31.851613;24.283871;17.406452;48.677419;;
83565;30/09/2008;0000;23;1.50795;4;242.2;105.548181;10.734479;254.2;3.463889;2;6.8;;966.62;31.486667;24.246667;17.96;45.991667;;
83565;31/10/2008;0000;0;1.290323;4;209.8;151.970639;71.900513;205.2;6.900538;11;70.6;;965.035484;33.496774;26.881935;21.454839;60.129032;;
83565;30/11/2008;0000;0;1.122222;5;152.1;140.427552;140.427552;257.3;6.205556;13;145.2;;962.744444;32.126667;25.945333;20.786667;67.058333;;
83565;31/12/2008;0000;5;1.011063;3;172;154.107996;154.107996;259.7;6.231183;15;198.4;;961.702151;32.419355;26.472258;21.229032;67.629032;;
83565;31/01/2009;0000;5;1.182796;4;119.4;135.678539;135.678539;181.2;7.688172;21;303.6;;963.570968;30.56129;25.364516;21.525806;75.475806;;
83565;28/02/2009;0000;5;1.083333;4;90.3;125.294235;125.294235;190.2;7.297619;13;167.1;;963.453571;31.042857;25.915;21.807143;74.705357;;
83565;31/03/2009;0000;0;0.677419;3;95.1;133.107061;133.107061;217.6;7.27957;19;232.3;;963.373118;31.212903;25.926452;21.416129;74.604839;;
83565;30/04/2009;0000;0;0.711111;2;116.2;109.741547;69.264761;268.9;4.344444;4;4;;965.554444;30.813333;24.804667;19.576667;65.258333;;
83565;31/05/2009;0000;0;0.860215;3;131.4;85.921354;57.739798;262.2;3.655914;3;46.4;;966.774194;29.741935;22.911613;17.277419;67.475806;;
83565;30/06/2009;0000;0;0.944444;3;96;54.787906;32.593716;194.9;5.022222;6;26.9;;968.967778;26.426667;19.941333;14.806667;68.266667;;
83565;31/07/2009;0000;0;1.215054;4;139.9;74.696864;20.426377;229.6;4.860215;3;12.2;;968.07957;29.245161;21.862581;15.670968;63.943548;;
83565;31/08/2009;0000;5;1.387097;4;215.1;87.81137;37.565264;250.4;4.688172;7;33.6;;967.449462;30.477419;22.862581;16.616129;55.919355;;
83565;30/09/2009;0000;5;1.244444;5;136.2;111.568794;111.568794;200.7;6.222222;14;250.8;1012.49;965.96;31.12;24.772667;20.023333;70.775;;
83565;31/10/2009;0000;5;1.182796;3;124.5;126.37143;126.333378;208.9;7.16129;16;123.6;;963.38172;31.406452;25.267097;20.654839;72.362903;;
83565;30/11/2009;0000;5;1.288889;3;132.5;147.955436;147.955436;210.9;7.822222;18;165.8;;962.092222;32.253333;26.590667;22.153333;72.766667;;
83565;31/12/2009;0000;0;1.086022;4;81.8;135.310558;135.310558;153.7;8.483871;22;301.6;;962.630108;30.63871;25.412258;21.535484;81.064516;;
83565;31/01/2010;0000;5;1.225806;5;65.7;132.704941;132.704941;150.2;8.602151;23;335.2;;963.707527;30.806452;25.197419;21.309677;81.516129;;
83565;28/02/2010;0000;5;1.011905;3;51.3;135.019976;135.019976;215.6;6.97619;14;213.4;;963.782143;32.05;26.537857;22.442857;74.223214;;
83565;31/03/2010;0000;0;1.053763;3;119.1;138.950308;138.950308;231.3;6.494624;14;290.8;;963.254839;32.025806;26.296129;21.5;71.701613;;
83565;30/04/2010;0000;0;0.955556;3;125.5;106.075252;105.351747;240;5.311111;7;93.8;;966.112222;30.593333;24.648667;19.47;66.175;;
83565;31/05/2010;0000;0;0.689189;3;130.5;67.398983;53.567332;205.9;5.189189;4;20.4;;967.406757;28.36129;21.014194;15.167742;;;
83565;30/06/2010;0000;0;0.79;3;156.2;64.560924;29.251411;233.3;3.566667;3;4.2;;969.514444;29.153333;21.121333;14.423333;58.15;;
83565;31/07/2010;0000;5;1.204301;3;209.9;79.57657;16.761571;244.4;3.623656;1;0.2;;968.836559;30.16;22.472903;15.919355;50.185484;;
83565;31/08/2010;0000;0;1.139785;3;266.9;86.740673;7.926866;294.1;1.677419;0;0;;968.493548;31.483871;22.872903;15.145161;40.830645;;
83565;30/09/2010;0000;5;1.511111;5;264.7;124.643344;42.498107;214.6;4.333333;6;39.2;;965.124444;32.733333;25.804;20.016667;49.308333;;
83565;31/10/2010;0000;0;1.247312;4;181.6;129.20311;100.225975;251.4;5.505376;8;99.6;;963.877419;32.322581;25.408387;;61.637097;;
83565;30/11/2010;0000;5;1.166667;3;148.5;135.81707;91.359782;256;6.911111;9;90.7;;962.03;31.886667;25.774;20.82;66.216667;;
83565;31/12/2010;0000;0;0.880822;6;110.8;147.649388;147.649388;190.2;7.60274;18;177.1;1007.1;961.006849;31.858065;26.086452;22.06129;;;
83565;31/01/2011;0000;5;1.086022;4;96.4;146.422765;146.422765;224.6;7.795699;20;318.8;;961.692473;31.780645;26.118065;22.058065;76.282258;;
83565;28/02/2011;0000;0;0.809524;2;69.1;118.63111;118.63111;180.1;8.011905;19;243.7;;963.465476;30.935714;25.387143;21.5;78.776786;;
83565;31/03/2011;0000;0;0.946237;4;52.4;115.214531;115.214531;141.3;8.462366;22;595;;962.601075;29.348387;24.601935;21.506452;84.491935;;
83565;30/04/2011;0000;0;0.945556;3;91.9;107.060789;98.420527;250.4;5.611111;8;62.4;;965.382222;30.593333;24.750667;19.923333;70.975;;
83565;31/05/2011;0000;0;0.677419;3;65;74.40326;57.299624;264.9;3.903226;1;37.6;;967.693548;28.43871;21.72;16.167742;66.427419;;
83565;30/06/2011;0000;0;0.788889;4;109.2;55.873306;45.184336;222.3;3.177778;3;37.9;;968.194444;27.516667;20.112;13.936667;64.533333;;
83565;31/07/2011;0000;5;1.09589;3;126.9;78.173637;20.398115;261.9;3.287671;1;0.4;1015.39863;968.228767;30.264516;22.337419;15.7;;;
83565;31/08/2011;0000;5;1.268817;4;244.2;94.070868;21.886526;277.2;3.193548;3;12.4;1013.82043;967.077419;32.041935;23.540645;15.935484;49.129032;;
83565;30/09/2011;0000;5;1.311111;4;242.8;127.299801;8.539512;273.9;3.166667;1;3.2;;966.896667;33.933333;26.016;19.073333;41.983333;;
83565;31/10/2011;0000;5;1.376344;4;173;133.404832;104.946689;209.7;7.301075;12;104.4;;963.27957;31.980645;25.632258;20.583871;65.024194;;
83565;30/11/2011;0000;5;1.244444;4;177.2;135.709264;57.587391;290.4;5.277778;9;56.7;;963.051111;32.296667;25.781333;19.583333;57.75;;
83565;31/12/2011;0000;5;1.164384;3;172.1;157.402506;79.201337;262.6;6.273973;14;78.8;;962.691781;33.354839;26.718065;20.790323;;;
83565;31/01/2012;0000;5;1.397849;5;90.3;129.545958;129.545958;203.4;7.494624;21;277.6;1009.73871;963.247312;30.322581;25.009677;21.093548;76.959677;;
83565;29/02/2012;0000;5;1.114943;3;140.5;145.903913;120.360396;;6.37931;10;64.8;;963.873563;32.648276;26.750345;21.755172;65.241379;;
83565;31/03/2012;0000;0;0.88172;3;125.6;137.212208;87.697508;272.1;6.086022;12;64.8;;964.833333;32.064516;26.227586;21.470968;68.1;;
83565;30/04/2012;0000;0;0.877778;3;117.2;116.996689;66.013358;211.6;5.944444;7;56.2;;964.92;31.213333;25.428276;20.743333;71.663793;;
83565;31/05/2012;0000;0;0.69863;3;85.1;72.399886;52.35377;208.9;5.205479;8;50;;968.269863;27.309677;21.402581;16.16129;;;
83565;30/06/2012;0000;0;0.746667;3;84.1;65.836573;65.836573;181.6;5.2;8;149.4;;968.343333;27.133333;21.54;15.943333;74.431034;;
83565;31/07/2012;0000;0;0.767123;3;152.7;60.788258;43.214057;260.2;2.657534;2;1.8;;969.128767;28.267742;20.483871;13.216129;;;
83565;31/08/2012;0000;5;1.516129;4;238;91.954685;30.981601;286.7;2.677419;0;0;;969.915054;30.490323;23.243871;16.009677;46.798387;;
83565;30/09/2012;0000;0;1.133333;4;227.5;127.506309;93.32403;257.9;4.1;5;86.4;;966.775556;33.746667;26.084828;19.463333;47.883333;;
83565;31/10/2012;0000;5;1.204301;4;225;168.612315;62.332847;282;5.677419;6;53;;963.286022;35.083871;27.642759;21.93871;53.330645;;
83565;30/11/2012;0000;0;1.122222;4;154.6;149.703626;149.703626;242.5;6.866667;13;184.8;;961.724444;32.566667;26.628;21.913333;67.5;;
83565;31/12/2012;0000;5;0.924731;3;115.9;164.206102;164.206102;219.1;7.397849;10;171.4;1008.46129;962.646237;33.406452;27.23;22.177419;69.177419;;
83565;31/01/2013;0000;5;1.032258;4;95.7;141.641057;141.641057;196.9;7.989247;19;218.5;;963.058065;30.993548;25.809032;21.241935;76.935484;;
83565;28/02/2013;0000;5;1.02381;3;83.8;121.143228;121.143228;194;7.428571;14;211.8;;964.034524;30.928571;25.602857;21.707143;76.294643;;
83565;31/03/2013;0000;0;0.885058;3.08664;;;;216.9;7.163978;19;194.5;;964.270968;30.929032;25.627097;21.667742;77.072581;;
83565;30/04/2013;0000;0;0.844444;3;92.9;94.094488;94.094488;176.7;6.469444;9;122.8;;966.305556;29.16;23.450667;18.95;74.841667;;
83565;31/05/2013;0000;0;0.827957;3;104.9;87.675279;60.525055;255.5;4.193548;4;5;;966.915054;30.103226;23.079355;17.064516;64.33871;;
83565;30/06/2013;0000;0;0.484375;2;95.9;80.855247;80.855247;203.5;5.046875;5;83;;968.339063;29.303333;22.828966;18.086667;;;
83565;31/07/2013;0000;0;0.666667;3;126.6;59.89864;36.848398;236.4;2.594203;4;22.8;;970.465217;27.425806;20.224667;14.277419;;;
83565;31/08/2013;0000;5;1.316524;3.08664;;77.032518;17.141924;229.7;2.983871;1;0.4;;968.375269;30.187097;21.749677;14.054839;45.806452;;
83565;30/09/2013;0000;5;1.466667;5;241;110.078184;29.006395;240.2;4.908333;5;20.4;1012.89;966.402222;32.353333;24.781333;18.423333;51.6;;
83565;31/10/2013;0000;0;0.956989;4;169.5;133.404832;131.70604;240.9;6.870968;11;131.6;;964.792473;31.890323;25.528276;20.454839;62.040323;;
83565;30/11/2013;0000;5;1.244444;4;127.2;144.844701;59.818115;244.2;6.922222;15;56.2;;962.782222;32.64;26.408667;21.426667;67.591667;;
83565;31/12/2013;0000;5;1.172043;3;152.8;165.899567;130.626881;212.5;7.397849;17;129.9;;961.287097;33.232258;27.203226;21.674194;68.193548;;
83565;31/01/2014;0000;5;1.129032;4;143.4;152.804167;132.512344;274.5;6.795699;3;132.2;;964.935484;32.903226;26.660667;21.467742;67.443548;;
83565;28/02/2014;0000;5;1.166667;3;164.8;132.181206;132.181206;207.7;6.916667;;241.8;;963.84881;32.535714;26.601481;21.857143;66.083333;;
83565;31/03/2014;0000;5;1;3;107.2;127.277702;127.277702;226.3;7.032258;;161.4;;964.617204;30.916129;25.455484;20.848387;75.620968;;
83565;30/04/2014;0000;0;0.777778;3;146.2;91.852316;90.249932;226.8;5.555556;;73.4;;965.642222;31.113333;25.456;20.656667;71.941667;;
83565;31/05/2014;0000;0;0.655914;3;161.2;76.35391;58.294629;198;5.204301;;24.8;;967.198925;28.36129;21.971613;16.4;68.040323;;
83565;30/06/2014;0000;0;0.911111;3;180.5;72.17123;31.369521;221.8;4.2;;7.8;;968.375556;28.806667;22.01;16.13;64.233333;;
83565;31/07/2014;0000;0;0.630769;3;175.6;66.832241;66.832241;202.5;4.2;;100;;970.981538;28.074194;21.061333;14.916129;;;
83565;31/08/2014;0000;0;0.978022;3;;99.854009;37.423621;276.7;2.637363;;0;;968.567033;31.709677;23.978065;16.783871;47.051724;;
83565;30/09/2014;0000;5;1.322222;4;;125.917227;90.274383;222.1;5.155556;;82.6;1011.77;965.607778;33.013333;26.081333;19.686667;55.625;;
83565;31/10/2014;0000;0;1.09589;4;;155.042606;93.522976;236;4.739726;;86.5;;965.176712;34.354839;27.260667;20.187097;;;
83565;30/11/2014;0000;0;0.922222;4;;128.388064;128.388064;178;7.477778;;210.3;;963.226667;31.186667;25.328;20.24;73.158333;;
83565;31/12/2014;0000;5;1.139785;3;;139.712335;139.712335;177.4;7.591398;;183.4;;963.403226;31.696774;25.632;20.312903;76.064516;;
83565;31/01/2015;0000;0;0.806452;3;;180.419958;159.734488;272.4;6.225806;;108.4;;964.875269;34.451613;28.086452;22.390323;63.548387;;
83565;28/02/2015;0000;5;0.976534;3;;127.968906;127.968906;218;7.309524;;333.4;;964.025;31.921429;26.015556;21.25;74.839286;;
83565;31/03/2015;0000;0;0.763441;2;;118.973065;118.973065;221.6;7.204301;;228.4;;964.502151;30.858065;24.948;20.335484;77.725;;
83565;30/04/2015;0000;0;0.666667;3;;115.883977;106.501946;238.8;5.811111;;69.2;;965.377778;31.226667;25.399333;19.94;72.075;;
83565;31/05/2015;0000;0;0.774194;5;;78.337351;78.337351;177.5;6.462366;;73;;967.61828;27.896774;22.240667;16.822581;76.266667;;
83565;30/06/2015;0000;0;0.901066;3.08664;;69.417091;65.014356;158.5;4.171348;;38.2;;969.873034;28;21.782667;16.703333;70.508333;;
83565;31/07/2015;0000;5;;3.08664;;;;176;;;39;;;;;;;;

