--------------------
BDMEP - INMET
--------------------
Estação           : PONTA PORA - MS (OMM: 83702)
Latitude  (graus) : -22.55
Longitude (graus) : -55.71
Altitude  (metros): 650.00
Estação Operante
Inicio de operação: 24/11/1941
Periodo solicitado dos dados: 30/03/1700 a 12/08/2015
Os dados listados abaixo são os que encontram-se digitados no BDMEP
--------------------
Obs.: Os dados aparecem separados por ; (ponto e vírgula) no formato txt.
      Para o formato planilha XLS, siga as instruções
--------------------
Estacao;Data;Hora;DirecaoVento;VelocidadeVentoMedia;VelocidadeVentoMaximaMedia;EvaporacaoPiche;EvapoBHPotencial;EvapoBHReal;InsolacaoTotal;NebulosidadeMedia;NumDiasPrecipitacao;PrecipitacaoTotal;PressaoNivelMarMedia;PressaoMedia;TempMaximaMedia;TempCompensadaMedia;TempMinimaMedia;UmidadeRelativaMedia;VisibilidadeMedia;
83702;31/01/1961;0000;27;2.521739;5;73.8;;;;4.934783;14;131.6;;934.218478;30.36129;24.046452;19.464516;77.653226;;
83702;28/02/1961;0000;36;2.428571;7;80;;;;4.77381;15;140.3;;935.639286;30.457143;24.128571;19.457143;76.973214;;
83702;31/03/1961;0000;27;2.537634;5;72.6;;;;4.849462;13;202.7;;936.953763;28.316129;22.045161;17.696774;76.516129;;
83702;30/04/1961;0000;9;2.333333;4;66.9;;;;5.511111;11;168.4;;937.445556;26.906667;20.844;16.766667;77.916667;;
83702;31/05/1961;0000;5;2.107527;4;72.9;;;;3.043011;7;88.5;;940.067742;25.219355;18.269677;13.419355;74.677419;;
83702;30/06/1961;0000;5;2.644444;10;76;;;;3.855556;9;121.7;;940.756667;22.353333;16.376;11.76;75.958333;;
83702;31/07/1961;0000;36;2.182796;10;130.4;;;;2.946237;2;7.1;;941.109677;25.387097;18.055484;12.651613;66.830645;;
83702;31/08/1961;0000;0;2.397849;6;209.3;;;;2.11828;4;45.8;;939.096774;;;15.509677;55.91129;;
83702;30/09/1961;0000;36;2.866667;6;140.7;;;;3.788889;5;79.3;;936.91;;;16.293333;70.716667;;
83702;31/10/1961;0000;18;2.688172;8;140;;;;3.795699;6;138.6;;936.445161;;;17.580645;69.887097;;
83702;30/11/1961;0000;32;2.5;4;109;;;;4.333333;13;235;;935.433333;;;18.506667;74.85;;
83702;31/12/1961;0000;36;2.537634;5;111.1;;;;3.795699;11;152.5;;935.15914;;;19.045161;74.129032;;
83702;31/01/1962;0000;36;2.473118;8;104.8;;;;4.215054;9;121.2;;935.534409;;;19.077419;74.5;;
83702;28/02/1962;0000;0;2.428571;4;118.8;;;;3.059524;8;92.9;;935.407143;30.55;23.678571;18.45;70.5625;;
83702;31/03/1962;0000;36;2.010753;3;103.9;;;;3.451613;9;97.8;;936.603226;30.122581;23.424516;18.76129;72.540323;;
83702;30/04/1962;0000;32;2.133333;4;76.4;;;;4.677778;9;132.4;;938.302222;27.44;20.648;16.16;77.658333;;
83702;31/05/1962;0000;5;2;5;68.7;;;;3.860215;7;123.3;;940.582796;23.393548;16.811613;12.574194;77.137097;;
83702;30/06/1962;0000;36;2.433333;10;89.7;;;;2.688889;7;120.4;;941.077778;22.026667;14.766667;9.66;73.933333;;
83702;31/07/1962;0000;36;2.397849;6;84.7;;;;4.677419;6;15.5;;943.04086;19.167742;12.086452;7.490323;75.491935;;
83702;31/08/1962;0000;18;2.376344;8;150.1;;;;3.258065;6;56.4;;939.743011;25.806452;17.270968;11.4;64.096774;;
83702;30/09/1962;0000;9;2.422222;6;84.6;;;;5.1;14;288.7;;938.208889;25.693333;19.693333;15.406667;77.575;;
83702;31/10/1962;0000;32;2.376344;5;102;;;;4.419355;9;202;;937.626882;25.070968;18.766452;14.296774;73.637097;;
83702;30/11/1962;0000;18;2.4;7;139.1;;;;3.311111;7;152.4;;935.646667;29.633333;22.928;17.613333;65.991667;;
83702;31/12/1962;0000;18;2.354839;4;108.1;;;;4.526882;13;158;;933.990323;30.903226;24.384516;19.793548;73.685484;;
83702;31/01/1963;0000;27;2.172043;4;74.7;;;;5.344086;15;210.1;;934.233333;30.167742;24.550968;20.716129;77.862903;;
83702;28/02/1963;0000;36;2.297619;4;61;;;;5.666667;15;114.4;;935.775;29.442857;23.545714;19.592857;79.741071;;
83702;31/03/1963;0000;0;2.010753;6;71.5;;;;5.247312;17;239.3;;937.24086;29.916129;23.655484;19.529032;79.725806;;
83702;30/04/1963;0000;5;2.011111;4;84.7;;;;2.733333;4;87.1;;938.222222;28.313333;21.241333;16.073333;73.191667;;
83702;31/05/1963;0000;0;2.11828;5;93.4;;;;2.924731;6;117.6;;940.91828;25.703226;18.581935;13.845161;73.056452;;
83702;30/06/1963;0000;18;2.455556;5;90.6;;;;2.988889;4;127.7;;941.148889;22.933333;16.033333;11.413333;70.9;;
83702;31/07/1963;0000;32;2.247312;6;147.9;;;;1.634409;3;18.4;;940.194624;26.03871;17.896774;12.412903;63.677419;;
83702;31/08/1963;0000;32;2.27957;10;221.6;;;;3.236559;3;6.6;;938.084946;28.2;20.434839;15.064516;56.75;;
83702;30/09/1963;0000;32;2.4;10;195;;;;3.066667;5;33.2;;936.576667;28.466667;21.538667;16.76;63.344828;;
83702;31/10/1963;0000;23;2.172043;4;141.2;;;;4.505376;11;60.4;;936.664516;30.367742;23.803226;19.119355;69.129032;;
83702;30/11/1963;0000;36;2.288889;5;131.1;;;;5.311111;14;292;;935.012222;29.173333;23.133333;18.52;72.075;;
83702;31/12/1963;0000;32;2.397849;4;128.9;;;;4.516129;9;152.4;;936.292473;30.203226;23.759355;19.477419;73.645161;;
83702;31/01/1964;0000;23;1.741935;3;137;;;;3.924731;10;110.2;;935.135484;31.43871;24.868387;20.109677;70.193548;;
83702;29/02/1964;0000;36;2.011494;4;68.5;;;;6.068966;15;315.1;;934.029885;29.413793;23.744828;20.144828;79.422414;;
83702;31/03/1964;0000;5;2.043011;4;82;;;;5.72043;14;197;;937.821505;29.219355;23.108387;19.032258;79;;
83702;30/04/1964;0000;18;1.655556;4;77.8;;;;4.922222;9;139;;938.562222;28.733333;22.444;18.186667;77.733333;;
83702;31/05/1964;0000;23;1.548387;4;74.9;;;;2.612903;4;89.4;;941.292473;24.548387;17.950968;13.464516;74.387097;;
83702;30/06/1964;0000;5;2.088889;4;74.3;;;;5.077778;11;79;;939.775556;21.346667;15.2;11.32;78.016667;;
83702;31/07/1964;0000;0;2.27957;5;93.4;;;;3.55914;7;52.2;;941.454839;21.090323;13.934194;8.941935;73.314516;;
83702;31/08/1964;0000;0;2.387097;5;109.8;;;;4.978495;12;100.6;;940.082796;24.63871;17.516129;13.16129;77.169355;;
83702;30/09/1964;0000;32;2;5;142.6;;;;4.688889;11;45;;938.662222;26.233333;19.366667;14.72;70.85;;
83702;31/10/1964;0000;9;2.075269;4;152.4;;;;3.827957;8;94.3;;937.546237;27.522581;20.658065;15.129032;65.241935;;
83702;30/11/1964;0000;32;2.188889;5;139.8;;;;3.655556;7;199.6;;936.01;28.606667;21.646667;16.386667;67.433333;;
83702;31/12/1964;0000;36;2.236559;5;79.1;;;;5.817204;14;251.2;;933.610753;28.012903;22.219355;17.825806;77.629032;;
83702;31/01/1965;0000;0;2;4;82.9;;;;5.387097;16;220;;934.356989;28.954839;22.71871;18.477419;77.935484;;
83702;28/02/1965;0000;32;1.642857;3;74.2;;;;5.166667;11;223.2;;933.552381;29.95;23.881429;19.714286;77.3125;;
83702;31/03/1965;0000;5;1.752688;3;83.1;;;;4.311828;10;135;;937.360215;27.477419;20.606452;16.006452;75.209677;;
83702;30/04/1965;0000;18;1.8;4;69.5;;;;4.577778;11;140.6;;937.011111;27.313333;20.856;16.5;77.608333;;
83702;31/05/1965;0000;23;2.064516;4;64.5;;;;5.623656;11;232.2;;939.039785;24.23871;18.140645;14.045161;77.66129;;
83702;30/06/1965;0000;36;2.055556;5;62.3;;;;3.522222;7;163.4;;941.354444;24.6;17.969333;13.733333;76.625;;
83702;31/07/1965;0000;36;2.358065;6;88.6;;;;4.064516;5;132.2;;940.175269;22.219355;15.07871;8.741935;75.580645;;
83702;31/08/1965;0000;0;2.139785;5;132.2;;;;3.88172;5;28.2;;938.222581;26.529032;18.812903;13.516129;66.66129;;
83702;30/09/1965;0000;5;2.244444;4;123.6;;;;4.477778;8;57;;937.652222;26.586667;19.986667;15.086667;70.441667;;
83702;31/10/1965;0000;32;2.204301;5;105.6;;;;4.591398;12;315.2;;936.2;27.367742;21.051613;16.129032;73.927419;;
83702;30/11/1965;0000;14;2.055556;4;100;;;;5.077778;11;136.4;;935.922222;29.133333;22.525333;17.606667;71.9;;
83702;31/12/1965;0000;32;2.354839;5;67.8;;;;6.634409;18;362.6;;935.015054;28.43871;23.20129;19.63871;80.782258;;
83702;31/01/1966;0000;27;2.107527;4;83.2;;;;4.967742;9;164;;934.835484;29.877419;24.063226;19.367742;74.822581;;
83702;28/02/1966;0000;18;2.107143;4;52;;;;6.654762;15;117.2;;935.079762;29.285714;23.917143;19.907143;79.919643;;
83702;31/03/1966;0000;36;2.150538;5;83.9;;;;4.483871;15;267.4;;936.760215;28.658065;22.547097;18.219355;74.766129;;
83702;30/04/1966;0000;5;1.877778;4;72.9;;;;4.033333;8;88.2;;938.338889;27.126667;20.768;16.26;73.75;;
83702;31/05/1966;0000;27;2.032258;4;59.7;;;;3.967742;9;124.2;;940.068817;24.458065;18.265806;14.025806;77.322581;;
83702;30/06/1966;0000;36;2.455556;5;92.6;;;;3.111111;5;122.6;;938.96;24.706667;18.289333;13.8;71.825;;
83702;31/07/1966;0000;9;2.322581;5;93.7;;;;3.806452;6;59;;941.045161;22.941935;16.132903;11.303226;73.685484;;
83702;31/08/1966;0000;18;2.526882;6;139.9;;;;2.774194;4;9;;940.31828;25.070968;17.065806;10.954839;59.572581;;
83702;30/09/1966;0000;36;2.133333;4;134.8;;;;3.144444;7;63.6;;939.331111;26.306667;19.157333;13.726667;62.975;;
83702;31/10/1966;0000;36;2.215054;5;102.6;;;;4.870968;16;212;;936.17957;27.754839;21.80129;17.303226;73.508065;;
83702;30/11/1966;0000;5;1.955556;4;111;;;;3.366667;4;90.8;;935.811111;29.473333;22.828;17.24;67.958333;;
83702;31/12/1966;0000;36;2;5;106.7;;;;4.645161;10;175.4;;933.683871;30.283871;24.144516;19.103226;72.185484;;
83702;31/01/1967;0000;5;1.83871;4;69.1;;;;5.182796;19;339.2;;934.45914;28.83871;23.012903;18.787097;79.201613;;
83702;28/02/1967;0000;36;1.97619;4;49.6;;;;5.904762;15;244.6;;934.9;28.764286;23.341429;19.65;82.1875;;
83702;31/03/1967;0000;0;1.849462;3;66.1;;;;4.311828;12;123.2;;936.783871;28.83871;22.941935;18.8;78.233871;;
83702;30/04/1967;0000;36;1.866667;4;96.5;;;;1.944444;4;38.4;;939.536667;29.173333;21.746667;16.513333;67.416667;;
83702;31/05/1967;0000;0;1.677419;4;133.3;;;;1.88172;1;22.2;;939.604301;28.219355;20.694194;15.354839;62.290323;;
83702;30/06/1967;0000;5;2.077778;4;78.2;;;;5.011111;7;161;;940.234444;21.66;14.916;10.573333;73.35;;
83702;31/07/1967;0000;18;2.086022;4;89;;;;4.849462;11;110;;940.347312;24.025806;17.384516;13.135484;74.459677;;
83702;31/08/1967;0000;0;1.989247;4;142.7;;;;3.236559;2;7.4;;939.241935;28.367742;20.531613;14.729032;63.427419;;
83702;30/09/1967;0000;36;2.4;5;143.6;;;;3.111111;2;0.6;;937.962222;29.646667;22.085333;16.406667;60.141667;;
83702;31/10/1967;0000;18;2.086022;4;151.3;;;;4.236559;9;98.4;;936.760215;31.051613;24.091613;18.787097;62.870968;;
83702;30/11/1967;0000;36;2.122222;4;121.2;;;;3.811111;7;94.6;;934.615556;29.58;23.096;17.92;66.083333;;
83702;31/12/1967;0000;0;1.83871;5;122.5;;;;4.032258;11;103.8;;934.948387;29.735484;23.623226;18.464516;69.572581;;
83702;31/01/1968;0000;5;1.989247;4;91.1;;;;4.602151;12;244.6;;935.583871;29.348387;23.498065;19.019355;74.91129;;
83702;29/02/1968;0000;5;1.977011;5;88.9;;;;3.241379;7;91.6;;935.256322;30;23.77931;18.696552;69.594828;;
83702;31/03/1968;0000;0;1.956989;4;86.4;;;;4.516129;14;122.8;;938.054839;29.625806;23.027097;18.329032;75.774194;;
83702;30/04/1968;0000;0;2.022222;5;100.1;;;;2.377778;4;114.8;;939.046667;25.346667;18.497333;13.273333;67.275;;
83702;31/05/1968;0000;18;1.88172;6;75.4;;;;2.096774;6;119.8;;941.319355;22.851613;15.863226;10.870968;71.548387;;
83702;30/06/1968;0000;9;1.8;4;73.8;;;;3.644444;6;12.2;;941.961111;23.793333;17.130667;12.7;74.508333;;
83702;31/07/1968;0000;9;2.11828;4;113.4;;;;2.333333;3;23.4;;942.116129;24.780645;17.101935;11.709677;65.072581;;
83702;31/08/1968;0000;9;2.086022;4;111.5;;;;3.709677;9;117.6;;940.986022;24.374194;17.371613;12.651613;68.08871;;
83702;30/09/1968;0000;14;1.822222;5;111.1;;;;3.644444;5;75.2;;939.941111;25.22;17.982667;12.453333;66.241667;;
83702;31/10/1968;0000;0;2.16129;5;119.2;;;;4;7;161.6;;936.47957;29.103226;22.353548;17.290323;67.330645;;
83702;30/11/1968;0000;9;2.266667;6;143.6;;;;3.6;8;84.4;;934.77;31.813333;24.917333;19.833333;65.05;;
83702;31/12/1968;0000;0;2.172043;4;67.6;;;;4.698925;12;216;;934.211828;29.535484;23.805161;19.380645;76.701613;;
83702;31/01/1969;0000;9;2.182796;4;87.5;;;;4.752688;15;193.6;;934.092473;30.232258;24.033548;19.522581;75.879032;;
83702;28/02/1969;0000;9;1.97619;4;71.3;;;;5.095238;14;112;;934.79881;30.628571;24.675714;20.635714;78.071429;;
83702;31/03/1969;0000;18;2.075269;4;89;;;;4.11828;7;86.6;;936.888172;30.477419;23.944516;19.483871;74.056452;;
83702;30/04/1969;0000;36;2.033333;4;54.3;;;;5.366667;11;163.6;;937.738889;26.033333;20.034;16.32;80.975;;
83702;31/05/1969;0000;5;2.354839;5;66.9;;;;4.064516;14;311.6;;939.053763;25.167742;18.47871;14.019355;77.346774;;
83702;30/06/1969;0000;9;2.455556;8;58.5;;;;4.822222;9;109.6;;940.693333;22.233333;15.389333;11.42;79.416667;;
83702;31/07/1969;0000;9;2.354839;6;103.2;;;;2.526882;3;21.4;;941.889247;25.353333;17.142667;11.890323;67.108333;;
83702;30/09/1969;0000;5;2.808989;5;163.8;;;;2.157303;7;137;;936.473034;29.953333;22.018667;16.34;58.141667;;
83702;31/10/1969;0000;18;2.698925;5;98.7;;;;4.580645;12;381;;936.606452;27.683871;20.71871;15.587097;69.419355;;
83702;30/11/1969;0000;5;2.6;5;68.2;;;;4.622222;15;248.4;;934.625556;28.706667;22.577333;18.2;78.166667;;
83702;31/12/1969;0000;14;2.774194;5;100.1;;;;3.752688;12;85.4;;935.882796;29.6;22.900645;17.819355;71.862903;;
83702;31/01/1970;0000;5;2.634409;5;95.5;;;;3.817204;9;129.4;;935.196774;31.122581;24.379355;19.509677;73.540323;;
83702;28/02/1970;0000;0;2.452381;5;66.2;;;189.7;4.761905;;133.2;;936.134524;29.457143;23.481429;19.364286;78.339286;;
83702;31/03/1970;0000;5;2.602151;5;68.7;;;182.7;5.032609;16;227.2;;937.623656;29.225806;23.15871;19.225806;81.709677;;
83702;30/04/1970;0000;9;2.422222;4;75.5;;;231.7;3.022222;6;111;;938.552222;29.093333;22.224;17.526667;73.208333;;
83702;31/05/1970;0000;36;2.580645;5;51.1;;;216.1;3.634409;8;52.6;;938.976344;25.929032;19.299355;15.051613;78.290323;;
83702;30/06/1970;0000;36;2.911111;5;26.9;;;177.5;4.7;10;135;;939.635556;24.146667;17.588;13.333333;81.391667;;
83702;31/07/1970;0000;18;3.11828;6;72.4;;;197.3;4.032258;7;78;;941.94086;23.309677;16.185806;11.451613;76.129032;;
83702;31/08/1970;0000;5;3.002151;7;109.4;;;215.2;2.44086;7;49.8;;939.912903;25;17.197419;11.845161;67.548387;;
83702;30/09/1970;0000;18;2.96;5;81.1;;;189.8;4.322222;12;183.4;;938.22;26.42;19.210667;14.513333;73.141667;;
83702;31/10/1970;0000;5;2.991398;6;100.5;;;244.7;3.430108;8;139.6;;935.811828;28.322581;21.642581;16.625806;71.258065;;
83702;30/11/1970;0000;5;2.8;5;122.6;;;257.5;2.722222;10;169.6;;935.217778;28.653333;21.350667;15.506667;63.958333;;
83702;31/12/1970;0000;18;3.053763;6;120.2;;;239.6;3.870968;12;243;;934.02043;30.606452;24.242581;19.290323;68.846774;;
83702;31/01/1971;0000;18;2.569892;5;76.5;;;213.4;5.16129;17;187.6;;935.033333;29.967742;24.203333;20.273333;79.193548;;
83702;28/02/1971;0000;9;2.797619;5;64;;;183.6;5.297619;;278.4;;936.164286;29.778571;23.769286;19.742857;79.544643;;
83702;31/03/1971;0000;5;2.408602;6;44.7;;;183.9;5.119565;18;233;;936.28172;29.677419;23.170323;18.974194;81.741935;;
83702;30/04/1971;0000;14;2.677778;5;53.3;;;215.4;3.311111;11;182.8;;938.206667;26.84;19.850667;14.9;76.05;;
83702;31/05/1971;0000;9;2.763441;6;56.7;;;186;4.365591;;154.6;;940.169892;23.870968;17.376774;13.090323;79.725806;;
83702;30/06/1971;0000;0;2.366667;6;49.9;;;130.5;5.877778;;119.5;;939.593333;21.246667;15.232;10.926667;80.3;;
83702;31/07/1971;0000;32;2.494624;5;81.7;;;217.1;2.849462;;155.5;;939.932258;24.83871;17.224516;12.367742;73.274194;;
83702;31/08/1971;0000;9;3.043011;5;97.5;;;198.7;3.021505;;7.4;;940.156989;25.658065;18.049677;12.96129;70.491935;;
83702;30/09/1971;0000;5;2.555556;6;120.7;;;175.3;3.211111;;63;;938.084444;28.486667;20.877333;15.533333;66.225;;
83702;31/10/1971;0000;23;2.462366;5;74.3;;;181.9;5.075269;;183.4;;938.330108;26.225806;20.058065;15.564516;75.354839;;
83702;30/11/1971;0000;9;2.7;6;110.8;;;256.2;3.111111;;106.2;;936.328889;29.78;22.76;16.926667;65.683333;;
83702;31/12/1971;0000;27;3.064516;6;92.8;;;232.3;4.623656;;138.8;;934.386022;29.851613;23.515484;18.116129;73.008065;;
83702;31/01/1972;0000;5;2.913978;6;92.6;;;205.9;4.376344;;115.4;;934.997849;29.883871;23.777419;18.832258;73.443548;;
83702;29/02/1972;0000;36;2.747126;5;51.4;;;169.7;5.62069;19;288.2;;935.348276;28.827586;22.958621;18.944828;81.5;;
83702;31/03/1972;0000;18;2.634409;5;68.3;;;209.6;4.086957;;108.6;;936.363441;29.754839;23.463226;19.103226;77.08871;;
83702;30/04/1972;0000;18;2.677778;6;63.9;;;230.9;2.811111;;182;;938.733333;26.293333;19.206;14.366667;74.766667;;
83702;31/05/1972;0000;9;2.763441;5;62.7;;;189.2;3.677419;;131.6;;938.409677;26.254839;19.753548;15.432258;77.591667;;
83702;30/06/1972;0000;36;2.766667;6;91.8;;;243.5;1.411111;;18.8;;938.994444;26.8;19.784;15.073333;70.941667;;
83702;31/07/1972;0000;27;2.677419;6;76.5;;;166.7;4.569892;;73.4;;939.192473;23.96129;16.773548;11.974194;75.733871;;
83702;31/08/1972;0000;36;2.763441;6;80.7;;;153.7;4.817204;;181.2;;938.036559;24.56;17.406;12.054839;75.669355;;
83702;30/09/1972;0000;18;2.744444;6;93.9;;;163.1;4.444444;;37.1;;938.003333;27;20.452;15.74;73.583333;;
83702;31/10/1972;0000;5;2.817204;6;99.3;;;221.2;4.333333;;226.6;;936.734409;28.290323;21.02;15.436667;73.008065;;
83702;30/11/1972;0000;32;2.566667;5;70;;;175.6;5.566667;;435.2;;934.992222;28.493333;22.706;18.176667;79.866667;;
83702;31/12/1972;0000;14;2.387097;5;87.1;;;216.8;4.752688;;135.6;;935.963441;29.677419;23.628387;18.735484;73.919355;;
83702;31/01/1973;0000;36;2.817204;6;93.5;;;221.3;4.569892;;181.4;;936.308602;31.477419;25.8;21.477419;75.370968;;
83702;28/02/1973;0000;27;2.333333;4;65.4;;;192.6;4.642857;;150.6;;936.491667;30.978571;25.205714;21.185714;79.241071;;
83702;31/03/1973;0000;18;2.075269;4;68.2;;;225.5;4.075269;;272.4;;936.670968;29.980645;23.713548;19.083871;77.258065;;
83702;30/04/1973;0000;23;2.4;5;57;;;190.6;4.055556;;53.4;;937.797778;29.54;23.210667;18.926667;79.941667;;
83702;31/05/1973;0000;36;2.430108;6;59.3;;;181.9;4.182796;;171.8;;939.677419;24.903226;18.170323;13.806452;78.040323;;
83702;30/06/1973;0000;0;2.411111;5;54.4;;;186.9;3.533333;;165;;938.851111;24.203333;17.11;12.533333;77.891667;;
83702;31/07/1973;0000;36;2.548387;7;63.6;;;169.1;4.666667;;24.4;;940.721505;22.090323;15.00129;10.483871;78.145161;;
83702;31/08/1973;0000;36;1.795699;4;57.6;;;115.7;5.27957;;145.6;;940.309677;22.1;15.568387;11.580645;80.024194;;
83702;30/09/1973;0000;14;2.233333;5;88;;;106.6;4.166667;;83;;938.795556;26.44;19.121333;13.88;74.975;;
83702;31/10/1973;0000;18;2.548387;8;120.5;;;194.5;4.483871;;184.6;;934.543011;27.641935;21.294839;16.248387;73.16129;;
83702;30/11/1973;0000;36;1.855556;6;100.9;;;213.7;4.333333;;164.8;;935.606667;27.656667;21.855333;17.2;72.875;;
83702;31/12/1973;0000;0;1.946237;7;83.2;;;190.7;6.215054;16;272;;933.712903;28.680645;23.039355;18.822581;78.258065;;
83702;31/01/1974;0000;0;2.774194;14;65;;;175.5;6.967742;21;327.8;;932.897849;28.312903;23.422581;19.896774;84.322581;;
83702;28/02/1974;0000;0;2.02381;9;63;;;207.5;6.095238;19;145.4;;933.764286;28.9;23.4;19.496429;82.276786;;
83702;31/03/1974;0000;0;2.215054;12;54.9;;;194.5;5.903226;16;154.6;;932.931183;27.525806;22.176774;18.506452;84.612903;;
83702;30/04/1974;0000;18;1.922222;7;63.9;;;210;5.288889;;89.5;;936.803333;26.356667;20.507333;16.263333;79.725;;
83702;31/05/1974;0000;0;2.537634;9;84.2;;;255.8;2.849462;;72.5;;938.01828;24.735484;17.747742;12.596774;75.645161;;
83702;30/06/1974;0000;5;3.033333;9;70.1;;;165.5;5.133333;;25.6;;937.204444;22.413333;16.378;12.11;80.525;;
83702;31/07/1974;0000;5;2.172043;9;114.9;;;226.4;3.096774;;8;;940.12043;24.393548;16.934839;11.512903;68.967742;;
83702;31/08/1974;0000;0;2.655914;9;129.2;;;211.2;3.698925;;69.2;;937.332258;25.796774;18.180645;12.590323;66.354839;;
83702;30/09/1974;0000;18;2.366667;7;141.3;;;187.3;3.255556;;65.5;;937.873333;27.456667;20.008667;14.333333;59.416667;;
83702;31/10/1974;0000;14;2.83871;9;106.3;;;212.7;5.010753;;297;;935.462366;26.390323;20.363871;15.177419;66.564516;;
83702;30/11/1974;0000;0;2.982222;9;123;;;280.7;3.166667;;111.5;;933.67;28.53;21.862;15.936667;63.925;;
83702;31/12/1974;0000;5;2.451613;7;72.2;;;199.4;6.505376;17;131.1;;932.93871;28.332258;23.013548;19.087097;79.685484;;
83702;31/01/1975;0000;18;2.053763;7;83.1;;;248.2;5.043011;;153.7;;934.427957;29.458065;23.369677;18.596774;75.701613;;
83702;28/02/1975;0000;5;3.059524;8;79.4;;;198.8;5.97619;;140;;933.47381;29.507143;24.216429;20.375;79.5;;
83702;31/03/1975;0000;9;2.870968;8;60.4;;;184.2;5.129032;;176.5;;936.265591;28.119355;22.763871;18.906452;82.209677;;
83702;30/04/1975;0000;18;2.683333;8;59.3;;;192.9;4.944444;;206.8;;935.27;25.96;20.4;16.59;81.25;;
83702;31/05/1975;0000;14;3.150538;8;66.5;;;186.8;4.752688;;27;;938.517204;23.135484;17.23871;12.96129;80.572581;;
83702;30/06/1975;0000;5;2.877778;12;65.4;;;167.9;4.344444;;70.1;;939.766667;22.726667;16.532;12.4;81.633333;;
83702;31/07/1975;0000;0;2.655914;12;116.4;;;242;2.677419;;83.2;;938.725806;22.851613;15.236129;9.503226;64.959677;;
83702;31/08/1975;0000;0;3.010753;14;115.6;;;183.8;3.784946;;38;;936.22043;26.158065;19.157333;13.993333;67.233871;;
83702;30/09/1975;0000;23;2.866667;10;101.9;;;131.6;4.067416;;123.5;;935.625556;26.313793;20.450345;15.91;73.283333;;
83702;31/10/1975;0000;5;2.677419;7;95.9;;;210.1;6.215054;15;263.5;;935.06129;26.76129;20.816;16.33;75.854839;;
83702;30/11/1975;0000;27;2.988889;9;79.4;;;201.8;6.844444;15;215.3;;933.076667;27.158621;21.665714;17.206897;76.816667;;
83702;31/12/1975;0000;18;2.419355;9;67.3;;;199.3;6.967742;15;238.7;;933.821505;28.316667;22.894667;18.780645;80.491935;;
83702;31/01/1976;0000;0;2.741935;7;71.6;;;226.2;7.075269;16;154.7;;933.669892;29.406452;23.898065;19.977419;80.16129;;
83702;29/02/1976;0000;9;1.91954;7;69.7;;;218.2;6.344828;;133.5;;933.378161;28.631034;22.971724;18.775862;77.017241;;
83702;31/03/1976;0000;0;2.107527;7;74.2;;;218.7;6.139785;;84.8;;935.226882;27.683871;21.69871;17.270968;77.862903;;
83702;30/04/1976;0000;0;1.866667;12;62.2;;;188.5;5.311111;;258.1;;937.131111;25.256667;19.374;14.94;78.158333;;
83702;31/05/1976;0000;18;2.11828;12;49;;;181.4;6.473118;;242.3;;937.591398;22.803226;17.326452;13.616129;82.395161;;
83702;30/06/1976;0000;5;3.055556;9;74.6;;;178;5.233333;;23;;938.281111;21.163333;15.188;11.036667;76.441667;;
83702;31/07/1976;0000;23;3.870968;9;107.2;;;201.6;4.806452;;6.4;;939.191398;22.922581;16.401935;11.432258;68.612903;;
83702;31/08/1976;0000;32;3.763441;14;131.5;;;199.3;4.860215;;88.5;;937.676344;23.467742;16.856129;11.654839;66.330645;;
83702;30/09/1976;0000;5;2.355556;9;81.8;;;129.5;6.8;;132.8;;937.038889;21.763333;16.818;12.713333;76.475;;
83702;31/10/1976;0000;18;3.021505;12;115.7;;;263.2;4.301075;;276.9;;934.95914;;;15.612903;;;
83702;30/11/1976;0000;9;2.4;9;89.6;;;220.2;5.788889;15;523.9;;933.754444;;;17.123333;73.325;;
83702;31/12/1976;0000;9;2.774194;12;81.5;;;227.6;6.11828;;304.6;;932.436559;27.567742;22.656774;18.474194;79.233871;;
83702;31/01/1977;0000;36;2.741935;7;63.4;;;145.6;7.462366;21;357.9;;931.97957;;;19.722581;86.048387;;
83702;28/02/1977;0000;18;1.92381;7;75.9;;;212;5.678571;15;141.1;;936.30119;30.833333;23.945333;19.571429;78.767857;;
83702;31/03/1977;0000;0;1.623656;7;80.6;;;231.6;5.795699;13;266;;934.812903;29.712903;23.954839;19.76129;77.959677;;
83702;30/04/1977;0000;18;2.377778;7;76.1;;;230.9;4.688889;9;124.2;;936.678889;26.19;19.899333;15.306667;76.883333;;
83702;31/05/1977;0000;5;1.946237;9;74.5;;;213.8;4.967742;10;80.7;;938.610753;25.319355;18.763871;14.309677;77.419355;;
83702;30/06/1977;0000;9;2.577778;9;65.1;;;185;5.088889;11;71.8;;938.935556;23.596667;17.232;12.84;78.733333;;
83702;31/07/1977;0000;0;3.612903;12;153.7;;;227.2;3.860215;3;54.8;;936.335484;26.5;19.883871;15.167742;66.806452;;
83702;31/08/1977;0000;27;2.698925;9;127.2;;;170.7;5.129032;5;52;;937.536559;24.716129;18.14;13.196774;66.169355;;
83702;30/09/1977;0000;14;2.333333;5;106.1;;;193.8;4.711111;8;130.4;;937.611111;27.293333;20.857333;15.86;68.25;;
83702;31/10/1977;0000;9;2.387097;9;118;;;;5.365591;6;15.1;;936.227957;29.041935;22.556774;17.319355;69.717742;;
83702;30/11/1977;0000;36;2.666667;14;73.7;;;;7.588889;16;287.3;;933.761111;27.88;22.602;18.686667;81.525;;
83702;31/12/1977;0000;5;2.634409;12;89.1;;;223.5;6.311828;12;125.2;;933.987097;;;19.422581;77.258065;;
83702;31/01/1978;0000;18;2.172043;7;79.1;;;211.9;6.043011;10;96.7;;935.005376;;;19.632258;77.322581;;
83702;28/02/1978;0000;0;1.940476;9;103.6;;;236.5;4.809524;8;39.7;;934.563095;;;20.15;68.303571;;
83702;31/03/1978;0000;5;1.892473;5;129.2;;;272.8;4.935484;10;70.7;;935.654839;31.070968;24.490323;19.367742;66.758065;;
83702;30/04/1978;0000;23;1.588889;5;146.6;;;274.7;3.088889;3;20;;937.218889;28.196667;20.844;15.123333;54.85;;
83702;31/05/1978;0000;23;1.709677;14;121.6;;;233.9;4.301075;7;132.8;;936.816129;24.445161;17.72;12.616129;62.822581;;
83702;30/06/1978;0000;23;2.688889;12;103;;;173.8;4.844444;5;6.3;;939.09;23.65;17.106;12.483333;68.416667;;
83702;31/07/1978;0000;0;2.611828;12;124.3;;;250.5;3.623656;3;17.7;;936.62043;27.116129;19.834839;14.945161;67.362903;;
83702;31/08/1978;0000;5;2.652174;12;142.8;;;169;3.913043;5;29.3;;940.388043;24.229032;16.393548;10.645161;60.575;;
83702;30/09/1978;0000;5;2.7;7;118.2;;;173.3;4.955556;10;195.3;;937.735556;26.653333;19.917333;14.553333;67.233333;;
83702;31/10/1978;0000;5;2.505376;9;134.4;;;236.2;4.88172;10;131.8;;935.005376;28.706452;22.389032;17.122581;64.975806;;
83702;30/11/1978;0000;14;3.188889;12;93.8;;;234.8;6.433333;10;154.6;;934.23;28.05;22.49;17.67;73.433333;;
83702;31/12/1978;0000;9;2.193548;9;119.5;;;263.8;5.44086;;121.2;;933.891398;29.593548;24.063226;19.077419;69.443548;;
83702;31/01/1979;0000;5;2.377049;8;80.5;;;;6.459016;;241.9;;928.244262;28.723077;23.252;19.434615;;;
83702;28/02/1979;0000;14;;5;63.1;;;;5.363636;;44.5;;928.613636;30.542857;24.353333;19.752381;;;
83702;31/03/1979;0000;14;1.901235;7;85.3;;;202.8;5.925926;;16.4;;930.533333;29.258621;22.718519;18.265517;72.833333;;
83702;30/04/1979;0000;23;1.608696;5;60.4;;;;4.855072;;91.3;;931.892754;26.328;20.14;15.2;74.369565;;
83702;31/05/1979;0000;14;1.654545;5;37.1;;;;5.527273;;48;;932.261818;24.826316;18.554444;14.794737;;;
83702;30/06/1979;0000;36;2.322581;8;60.5;;;;4.903226;;3.2;;936.185484;24.309524;17.274286;12.352381;;;
83702;31/07/1979;0000;36;;8;;;;;3.615385;;0.8;;941.138462;;;;;;
83702;31/08/1979;0000;36;2.557377;8;103.4;;;;3.311475;;7;;936.618033;29.185;21.144;15.19;;;
83702;30/09/1979;0000;18;3;9;56.7;;;;4.461538;;42.1;;936.018421;26.5;;13.893333;;;
83702;31/10/1979;0000;5;2.723077;7;108.3;;;;4.984615;;169.3;;935.106154;29.880769;22.428182;17.534615;;;
83702;30/11/1979;0000;0;2.656716;7;81;;;;5.223881;;88.2;;933.350746;28.608333;22.619091;16.5625;;;
83702;31/12/1979;0000;36;2.116667;5;49.1;;;;7.316667;;135.2;;933.31;28.377273;23.747;18.636364;;;
83702;31/01/1980;0000;18;2.1;9;84.5;;;219.9;4.675;;87.3;;933.720588;29.025926;23.343704;18.625926;74.842593;;
83702;29/02/1980;0000;18;1.7;7;55.3;;;;6.342857;;170.1;;932.967143;29.16087;23.584348;19.273913;80.043478;;
83702;31/03/1980;0000;9;1.480519;7;66;;;;5.519481;;152.6;;936.183117;30.592308;23.992308;19.515385;77.644231;;
83702;30/04/1980;0000;0;2.428571;7;72;;;187.5;4.928571;;42.6;;935.790476;27.403571;21.562857;17.189286;77.607143;;
83702;31/05/1980;0000;23;1.863014;6;58.6;;;;4.835616;;49.7;;938.167123;25.770833;19.16;14.479167;76.760417;;
83702;30/06/1980;0000;18;;7;;;;;5;;23.2;;940.1;;;;;;
83702;31/07/1980;0000;27;;9;;;;;4.108108;;26;;937.77027;;;;;;
83702;31/08/1980;0000;5;;8;;;;;3.971429;;32.6;;938.74;;;;;;
83702;30/09/1980;0000;5;;7;;;;;4.30303;;15.2;;938.481818;;;;;;
83702;31/10/1980;0000;5;3.089286;9;72.2;;;;5.892857;;97.6;;936.922222;28.294737;21.932632;16.484211;;;
83702;30/11/1980;0000;14;2.380952;7;89.4;;;;5.936508;;57.1;;934.525397;29;22.567619;17.009524;;;
83702;31/12/1980;0000;5;2.348485;9;91;;;;5;;100.2;;932.379104;29.777273;24.198182;19.368182;;;
83702;31/01/1981;0000;0;2.373494;9;73.6;;;185.9;7.180723;18;115.2;;934.085542;29.217857;23.853077;20.326923;81.044643;;
83702;28/02/1981;0000;36;2.301587;7;60.2;;;;7.222222;;150.6;;936.003175;30.342857;24.127619;20.885714;;;
83702;31/03/1981;0000;5;1.939394;7;72.3;;;;4.636364;;82.2;;934.801538;29.159091;23.399091;18.722727;;;
83702;30/04/1981;0000;18;2.727273;9;71.9;;;;5.218182;;53.2;;936.807407;28.272222;21.492222;16.377778;;;
83702;31/05/1981;0000;18;;7;60.4;;;;2.617021;;7;;938.358696;27.225;19.90625;15.09375;;;
83702;30/06/1981;0000;;;;;;;;;;14.7;;;;;;;;
83702;31/07/1981;0000;36;;9;;;;;3.5;;0;;940.465625;;;;;;
83702;31/08/1981;0000;0;1.866667;7;97;;;;3.716667;;35.6;;938.17;27.52;20.417;15;;;
83702;30/09/1981;0000;5;;9;90.4;;;;4.434783;;0;;936.81087;29.713333;21.712;15.373333;;;
83702;31/10/1981;0000;0;2.446809;9;60;;;;6.702128;;73.6;;934.36383;28.19375;21.72625;16.93125;;;
83702;30/11/1981;0000;5;2.253968;7;79.2;;;;6.063492;;65.6;;932.94127;28.833333;23.200952;18.3;;;
83702;31/12/1981;0000;32;3.08;9;50.8;;;;6.58;;54.5;;933.629412;28.223529;23.181176;18.764706;;;
83702;31/01/1982;0000;18;2.271429;7;82.2;;;;4.444444;;63.5;;934.061905;30.185;24.332;19.395;;;
83702;28/02/1982;0000;5;2.038462;9;48.5;;;;6.942308;;134.4;;934.855769;28.570588;23.085882;19.423529;;;
83702;31/03/1982;0000;0;;7;;;;;7.076923;;59.7;;934.151282;;;;;;
83702;30/04/1982;0000;9;;9;;;;;4.461538;;6.1;;938.417949;;;;;;
83702;31/05/1982;0000;5;2.188889;7;64.4;;;;3.777778;;15.7;;938.490741;25.883333;18.604444;13.238889;;;
83702;30/06/1982;0000;;;;;;;;;;46.6;;;;;;;;
83702;31/07/1982;0000;36;;9;54.5;;;;3.727273;;25.1;;937.525;25.62;19.141333;14.946667;;;
83702;31/08/1982;0000;5;;7;;;;;2.612903;;6.8;;937.251613;;;;;;
83702;30/09/1982;0000;0;;7;;;;;4.114286;;87.8;;937.928571;;;;;;
83702;31/10/1982;0000;5;2.697674;9;;;;;6.465116;;132.2;;934.869767;;;;;;
83702;30/11/1982;0000;5;2.821429;9;64.6;;;;7;;203.1;;933.598214;28.878947;23.587368;19.531579;;;
83702;31/12/1982;0000;36;2.229167;7;50.2;;;;6.854167;;113.1;;934.2625;27.86875;22.645;18.14375;;;
83702;31/01/1983;0000;23;2.086022;7;79.3;;;203.8;7.688172;17;255.6;;932.253763;29.993548;24.54129;20.919355;79.379032;;
83702;28/02/1983;0000;23;2.425;7;60.6;;;149.1;7.5125;15;151;;934.8875;28.922222;23.475385;20.018519;83.634615;;
83702;31/03/1983;0000;0;2.645161;9;115.7;;;;6.075269;;255.3;;935.401075;27.941935;22.424516;18.329032;78.83871;;
83702;30/04/1983;0000;9;2.155556;5;65.5;;;;6.733333;17;264.9;;935.238889;27.32;21.374;17.63;84.258333;;
83702;31/05/1983;0000;36;2.314607;9;53.7;;;;7.651685;19;368.4;;935.086517;24.070968;19.204828;16.245161;87.784483;;
83702;30/06/1983;0000;23;2.566667;12;52.8;;;;7.7;17;93.5;;938.484444;18.466667;13.991333;10.486667;88.783333;;
83702;31/07/1983;0000;27;3.333333;14;98.8;;;147.3;7.526882;;63.7;;936.739785;22.829032;16.895484;12.616129;79;;
83702;31/08/1983;0000;23;2.462366;9;158.5;;;165.9;2.83871;;2.3;;939.554839;25.116129;17.51871;12.019355;65.395161;;
83702;30/09/1983;0000;23;2.829545;9;92.1;;;;6.977011;18;203.5;;937.220455;23.276667;17.360714;13.05;79.901786;;
83702;31/10/1983;0000;23;2.944444;9;113.1;;;180.3;6.544444;;266.1;;936.438889;26.090323;20.758571;15.887097;76.580357;;
83702;30/11/1983;0000;18;1.988889;7;114.2;;;;5.573034;;281.9;;935.797778;27.903333;22.066;17;70.308333;;
83702;31/12/1983;0000;5;2.021978;9;111;;;;6.131868;;122.5;;934.40989;29.309677;23.646;19.254839;73.301724;;
83702;31/01/1984;0000;5;2.505376;8;102;;;;7.11828;17;127.8;;934.973118;29.806452;24.347742;20.274194;76.201613;;
83702;29/02/1984;0000;0;1.873563;9;99.2;;;224.2;6.149425;;174.4;;934.813793;30.503448;24.317241;20.413793;75.974138;;
83702;31/03/1984;0000;0;1.817204;7;63.8;;;198.5;6.193548;;109;;934.554839;29.16129;23.522581;19.529032;77.572581;;
83702;30/04/1984;0000;5;2.322222;12;81.7;;;;5.844444;15;131.6;;937.375556;25.286667;19.968;16.033333;79.841667;;
83702;31/05/1984;0000;0;2.516854;6;83.4;;;200.5;5.337079;;100.6;;936.41573;24.970968;19.365517;15.154839;80.181034;;
83702;30/06/1984;0000;5;2.466667;9;103.2;;;180.7;5.977778;;20.7;;938.315556;23.436667;17.346;12.483333;76.75;;
83702;31/07/1984;0000;5;3.236559;12;173.8;;;258.4;2.634409;;0.2;;937.797849;25.858065;18.673548;13.303226;62.854839;;
83702;31/08/1984;0000;0;3;12;130;;;168.1;4.967742;;34.2;;938.510753;23.087097;16.574839;11.306452;67.83871;;
83702;30/09/1984;0000;5;2.777778;12;161.7;;;219.7;3.688889;;200.6;;936.941111;27.066667;19.950667;14.143333;57.316667;;
83702;31/10/1984;0000;9;2.956989;7;160.6;;;245.8;5.677419;;149;;934.893548;29.709677;23.927742;18.880645;69.693548;;
83702;30/11/1984;0000;18;2.374444;7;141.6;;;;7.444444;17;290;;934.671111;28.17;22.991333;18.956667;79.433333;;
83702;31/12/1984;0000;0;2.088889;8;99;;;;6.788889;;218.4;;933.002222;28.333333;23.074;18.486667;74.525;;
83702;31/01/2000;0000;32;2.157609;8;;;;251.3;7.586957;9;91.1;;934.629348;31.6;25.608387;20.825806;70.66129;;
83702;29/02/2000;0000;5;2.005747;8;90.6;;;223.4;7.918605;10;98.2;;936.62069;30.275862;24.311034;19.768966;75.853448;;
83702;31/03/2000;0000;5;1.731183;7;78.8;;;207.4;8.27957;12;154.4;;936.601075;29.432258;23.337419;19.374194;80.717742;;
83702;30/04/2000;0000;5;1.755556;6;99.9;;;229.9;5.488889;7;144.4;;939.008889;29.093333;21.97;16.14;68.708333;;
83702;31/05/2000;0000;5;1.956989;8;68.4;;;164.8;6.494624;10;150;;940.430108;23.548387;17.303871;12.654839;74.177419;;
83702;30/06/2000;0000;5;2.044444;8;80.6;;;153.4;7.577778;12;125.8;;939.586667;23.433333;17.764;13.706667;78.2;;
83702;31/07/2000;0000;5;1.903226;6;99.4;;;187.8;5.397849;9;94;;941.488172;20.903226;13.170968;7.580645;65.774194;;
83702;31/08/2000;0000;5;1.804348;7;144.6;;;188.7;6.602151;9;111;;940.737634;25.609677;18.768387;13.729032;69.048387;;
83702;30/09/2000;0000;5;2.122222;9;96.6;;;189.2;7.7;14;262.2;;940.244444;25.71;19.069333;14.523333;76.15;;
83702;31/10/2000;0000;5;1.240217;4;161.5;;;227;6.891304;10;149.8;;939.466304;30.28;23.832;19.077419;65.241667;;
83702;30/11/2000;0000;5;1.311111;6;107.7;;;226.4;6.944444;16;186;;937.11;29.43;22.658;17.513333;72.016667;;
83702;31/12/2000;0000;23;1.591398;6;128.2;;;258.6;7.032609;12;188.4;;936.84086;29.980645;24.143871;18.867742;69.370968;;
83702;31/01/2001;0000;5;1.376344;5;107.3;;;233;7.946237;11;231.3;;935.924731;30.735484;24.694839;19.516129;75.95;;
83702;28/02/2001;0000;5;1.017857;3;69.4;;;133.1;8.77381;22;341.4;;941.030952;29.45;23.91;20.128571;83.107143;;
83702;31/03/2001;0000;5;1.333333;5;97;;;226;7.612903;16;182.7;;937.888172;30.283871;24.050323;19.912903;79.096774;;
83702;30/04/2001;0000;5;2.366667;7;96.7;;;196.6;6.288889;7;149.6;;939.618889;29.84;23.122;18.126667;74.4;;
83702;31/05/2001;0000;5;2.963441;6;70.4;;;148.3;6.924731;9;82.4;;939.807527;23.380645;17.287742;12.912903;78.887097;;
83702;30/06/2001;0000;5;3.088889;7;73.4;;;177;5.4;7;84;;942.767778;22.066667;15.449333;10.846667;77.633333;;
83702;31/07/2001;0000;5;3.882796;9;128.6;;;199.1;5.784946;5;35.9;;940.526882;25.096774;17.933548;12.76129;69.516129;;
83702;31/08/2001;0000;5;3.537634;9;225.5;;;245;4.774194;2;40.3;;941.462366;28.783871;20.830968;14.790323;56.048387;;
83702;30/09/2001;0000;5;4.17;9;169;;;210.8;6.911111;7;207;;938.544444;28.06;20.723333;15.346667;65.65;;
83702;31/10/2001;0000;5;2.967742;8;171.9;;;214.5;6.903226;10;82.4;;937.689247;29.1;22.771613;17.383871;63.830645;;
83702;30/11/2001;0000;5;2.944444;8;107.2;;;165.3;7.444444;18;250;1011.28046;935.791111;29.02;23.341333;19.033333;75.983333;;
83702;31/12/2001;0000;23;3.032609;7;125.4;;;225.5;6.51087;13;237.2;;935.625;28.703226;23.147333;18.583871;71.7;;
83702;31/01/2002;0000;5;3.172043;9;149.7;;;251.4;6.698925;9;101.2;;936.030108;30.470968;24.635484;19.68;70.33871;;
83702;28/02/2002;0000;5;2.72619;7;105.6;;;171.6;7.22619;14;242.7;;936.754762;28.928571;23.117857;18.714286;77.151786;;
83702;31/03/2002;0000;32;2.508696;6;161.2;;;238;6.434783;7;60.4;;936.292391;31.541935;25.442581;21.054839;71.108333;;
83702;30/04/2002;0000;5;2.800963;7;196.1;;;251.6;5.380556;6;43.2;;938.197778;31.933333;24.875333;19.4;63.866667;;
83702;31/05/2002;0000;5;3.471528;7.7166;;;;170.2;7.0625;0;0;;939.196703;26.31;20.28;16.425806;82.413793;;
83702;30/06/2002;0000;5;3.289852;8;139.2;;;190.4;5.413889;1;1.1;;941.82809;25.193333;18.586667;13.714286;73.808333;;
83702;31/07/2002;0000;5;3.107527;8;120.7;;;172.5;5.817204;6;33.1;;941.664516;23.709677;16.594839;11.535484;70.854839;;
83702;31/08/2002;0000;5;3.215364;9;225.6;;;224.2;5.236559;8;22.3;;940.039785;27.993103;20.574483;14.996774;58.556452;;
83702;30/09/2002;0000;5;3.942029;9;228.3;;;218.7;5.985507;3;17.1;1016.18209;939.711594;29.44;21.125517;14.907407;58.025;;
83702;31/10/2002;0000;5;3.961824;9.77436;;;;172.9;6.885246;8;115.3;1011.92623;936.883607;31.763333;24.680667;19.854839;71.2;;
83702;30/11/2002;0000;5;3.558811;9;176;;;222.3;6.700581;13;193.2;;936.759302;30.88;23.987333;18.46;68.575;;
83702;31/12/2002;0000;5;2.902174;8;157.4;;;216.2;6.804348;10;130.4;;936.186957;31.780645;25.387097;20.390323;71.709677;;
83702;31/01/2003;0000;32;2.597826;7;102.9;131.886932;131.886932;203.6;7.065217;17;397.8;;935.796739;30.451613;24.735484;20.532258;78.870968;;
83702;28/02/2003;0000;5;2.607143;5;95.8;101.303411;101.303411;144.4;7.452381;21;239;;937.632143;29.735714;23.444286;19.392857;83.008929;;
83702;31/03/2003;0000;5;2.561644;6;105.4;109.020542;109.020542;;7.890411;9;153.6;;937.953425;;;;;;
83702;30/04/2003;0000;5;2.850575;9;115.8;79.914632;79.914632;201.5;5.321839;7;141.4;;939.828736;28.35;21.232857;16.210714;71.857143;;
83702;31/05/2003;0000;5;3.02399;9;126;51.914104;51.914104;244.3;4.266129;4;82.6;1018.43956;941.183871;25.674194;17.863226;12.7;68.677419;;
83702;30/06/2003;0000;5;2.404708;7.20216;;58.616354;58.616354;214.5;4.171512;5;80.8;;940.794186;26.36;19.203333;14.473333;72.966667;;
83702;31/07/2003;0000;5;3.075577;9.77436;;55.639316;55.639316;194.1;6.102151;4;15.6;;942.109677;25.809677;18.31871;13.293548;67.637097;;
83702;31/08/2003;0000;5;3.853623;8.23104;;43.689557;43.689557;;4.772727;3;11.8;;942.627778;;;9.838095;;;
83702;30/09/2003;0000;5;3.224436;7.20216;;;;;6.136364;5;88;;939.010714;;;14.156522;;;
83702;31/10/2003;0000;5;3.588533;7.20216;;;;;5.648148;7;90;;937.415854;29.534615;22.663478;17.253571;67.596154;;
83702;30/11/2003;0000;5;3.125223;7.20216;;;;;5.9375;9;196.6;;934.479747;30.007692;23.545217;17.411111;65.336538;;
83702;31/12/2003;0000;5;3.248486;8.23104;;;;186.3;7.682584;12;189.2;;935.476404;30.593333;24.416;19.848387;75.75;;
83702;31/01/2004;0000;5;2.454173;5.1444;155.6;;;286.2;5.201613;8;234.2;;934.341935;31.877419;25.152903;19.925806;69.725806;;
83702;29/02/2004;0000;5;2.874928;7.20216;166.5;;;180.8;6.653846;10;55.4;;936.544872;31.76;24.437;18.68;64.630952;;
83702;31/03/2004;0000;5;2.773503;7.20216;192.4;;;255.3;5.002717;6;76.4;;936.626087;32.016129;24.74;18.786667;61.783333;;
83702;30/04/2004;0000;5;2.787804;7.20216;108.6;;;195.5;6.433333;12;185.4;;937.3;28.846667;22.755333;18.413333;80.166667;;
83702;31/05/2004;0000;5;2.566668;7.20216;47.1;;;118.7;7.935484;16;362;;940.809677;20.729032;15.729677;12.332258;87.572581;;
83702;30/06/2004;0000;5;3.36891;7.20216;81.5;;;167;5.180556;8;198.8;;941.486667;23.27;16.656667;12.326667;80.533333;;
83702;31/07/2004;0000;5;3.770076;7.20216;110.8;;;168.1;5.650538;9;76.4;1017.02967;940.478495;22.448387;16.017419;11.403226;79.951613;;
83702;31/08/2004;0000;5;2.807053;6.17328;188.7;;;255.3;5.108696;0;0;;941.426087;27.329032;18.510323;11.76129;61.225806;;
83702;30/09/2004;0000;5;3.255874;7.20216;239.2;;;190.9;6.91573;3;44.8;;938.402222;30.223333;22.237333;16.34;55.666667;;
83702;31/10/2004;0000;5;3.405921;8.23104;138.4;;;205.9;6.787634;11;197.3;;936.563441;28.935484;22.197419;16.719355;67.314516;;
83702;30/11/2004;0000;5;2.57842;7;;;;195.6;6.530556;9;192.8;;935.782222;28.936667;22.634;17.153333;71.958333;;
83702;31/12/2004;0000;5;2.38593;5.1444;142.4;;;205;6.731183;10;73.1;;935.376344;31.064516;24.412258;18.970968;68.790323;;
83702;31/01/2005;0000;5;2.246979;5.1444;;;;127.2;8.69186;20;268;;933.964368;29.881481;24.143077;20.586667;86.101852;;
83702;28/02/2005;0000;5;2.070307;6.17328;;;;;5.945122;8;39;;936.37561;31.611538;25.123077;20.014286;66.355769;;
83702;31/03/2005;0000;0;2.131063;6;180.2;;;222.4;5.388587;6;15.8;;936.761957;31.564516;24.881935;19.596774;65.580645;;
83702;30/04/2005;0000;5;2.505618;7;131.9;;;176;7.011236;12;161;;938.567416;29.586207;22.933793;17.92069;72;;
83702;31/05/2005;0000;5;3.247312;8;143.9;;;198.8;5.193548;5;71;;938.329032;27.083871;20.062581;15.151613;72.435484;;
83702;30/06/2005;0000;5;2.555556;7;91.6;;;168;6.088889;8;109.2;1016.5;939.735556;25.783333;19.418;15.06;79.416667;;
83702;31/07/2005;0000;5;2.935484;7;135.3;;;221.8;4.301075;6;22.2;;942.412903;23.229032;15.358065;9.841935;71.66129;;
83702;31/08/2005;0000;5;3.311828;12;212.3;;;234.7;4.44086;2;14.2;;939.453763;28.851613;19.787742;13.293548;53.903226;;
83702;30/09/2005;0000;5;3.933333;12;142.8;;;134.4;7.555556;10;125.7;;939.775556;23.156667;16.495333;11.463333;71.375;;
83702;31/10/2005;0000;5;3.096774;7;100.5;;;152;8;18;194.7;1012.7;936.931183;28.280645;22.100645;17.645161;79.475806;;
83702;30/11/2005;0000;5;2.9;7;129;;;202.8;6.844444;15;159.6;1010.72809;935.417778;29.703333;23.156667;17.943333;74.45;;
83702;31/12/2005;0000;5;2.795699;9;130.7;;;241.8;6.634409;12;207.4;;934.658065;30.987097;;;73.669355;;
83702;31/01/2006;0000;5;2.44086;9;126.4;;;225.6;7.505376;18;207.4;;935.78172;31.419355;;;75.419355;;
83702;28/02/2006;0000;5;2.380952;7;105;;;206.5;6.654762;13;194.4;;935.175;30.596429;;;77.455357;;
83702;31/03/2006;0000;5;2.505376;7;110.3;;;210.8;7.462366;13;206.2;;935.696774;30.496774;;;78.185484;;
83702;30/04/2006;0000;5;2.611111;6;104;;;210.4;6.144444;8;176;;937.825556;27.9;;;78.891667;;
83702;31/05/2006;0000;5;2.311828;5;115.6;55.112148;55.112148;229.5;4.397849;3;29;;941.687097;23.603226;;;71.645161;;
83702;30/06/2006;0000;5;2.844444;7;115.5;42.893062;42.893062;197.5;5.488889;6;73.6;;940.876667;25.053333;;;72.233333;;
83702;31/07/2006;0000;5;2.913978;8;172.2;43.917063;43.917063;219.8;4.569892;4;63.8;;940.358065;26.319355;;;65.298387;;
83702;31/08/2006;0000;5;3.010753;9;213.4;57.281454;57.281454;232.4;5.053763;3;50.4;;939.187097;27.206452;;;55.475806;;
83702;30/09/2006;0000;5;3.011111;7;186.2;69.987098;69.987098;201.5;6.566667;8;112;;938.844444;27.266667;;;64.175;;
83702;31/10/2006;0000;5;2.268817;7;130.1;112.188865;112.188865;187.4;7.462366;9;109.4;;935.92043;29.816129;;;74.266129;;
83702;30/11/2006;0000;5;2.522222;7;159.4;113.527272;113.527272;216.5;6.755556;11;112.6;1010.85;935.436667;30.053333;;;69.766667;;
83702;31/12/2006;0000;5;2.27957;6;128.1;119.799708;119.799708;189;8.225806;16;266.9;;935.309677;31.154839;;;77.217742;;
83702;31/01/2007;0000;32;1.989247;6;92.8;118.661408;118.661408;192.4;8.086022;22;422.5;;934.596774;30.106452;;;83.096774;;
83702;28/02/2007;0000;5;2.202381;7;;103.26082;103.26082;186.9;7.761905;16;430.7;;935.452381;;;;;;
83702;31/03/2007;0000;5;2.079348;5;;118.592928;118.592928;243;6.021739;9;89;;937.247826;31.213043;24.67619;19.122727;69.079545;;
83702;30/04/2007;0000;5;2.366667;6;109.6;99.584516;99.584516;207.9;6.022222;11;118.2;;938.445556;29.566667;;;76.458333;;
83702;31/05/2007;0000;5;2.473118;7;107;97.888661;97.888661;193.4;6.505376;8;69;;939.898925;24.403226;;;75.145161;;
83702;30/06/2007;0000;5;2.355556;5;168.4;92.140969;66.133895;202.5;5.633333;3;6;;939.973333;26.48;;;65.933333;;
83702;31/07/2007;0000;5;2.548387;8;169.1;96.196508;38.6;182.3;6.225806;7;38.6;;939.980645;22.9;;;66;;
83702;31/08/2007;0000;5;2.537634;8;190.2;100.414776;53;193.1;7.645161;3;53;;940.280645;25.56129;;;64.629032;;
83702;30/09/2007;0000;5;2.544444;6;248.4;102.84826;2;176.1;7.352273;2;2;;938.884444;31.93;23.634;16.786207;49.691667;;
83702;31/10/2007;0000;5;2.258065;6;195.4;118.704745;62.4;;8.27957;12;62.4;1011.16087;936.186022;30.919355;24.201935;18.690323;65.153226;;
83702;30/11/2007;0000;5;2.466667;9;182.6;112.448404;112.448404;;6.644444;10;266.3;;934.815556;30.416667;23.479333;17.26;65.658333;;
83702;31/12/2007;0000;5;1.784946;6;147.3;132.72296;132.72296;;6.892473;10;118.5;;934.827957;31.303226;24.659355;19.335484;70.814516;;
83702;31/01/2008;0000;5;2.27957;6;110.1;126.722878;126.722878;;8.215054;14;306.1;;934.567742;29.709677;24.18129;19.987097;80.056452;;
83702;29/02/2008;0000;5;1.785057;6;115.5;111.068087;111.068087;;6.91954;13;538.2;;935.808046;30.265517;24.035172;19.37931;75.318966;;
83702;31/03/2008;0000;5;2;7;154.4;113.012976;113.012976;;6.182796;5;44.2;;936.609677;30.506452;23.993548;19.012903;70.387097;;
83702;30/04/2008;0000;5;2.011111;6;135.6;82.304621;82.304621;;6.411111;8;130.7;;936.61;28.136667;21.738667;16.363333;71.583333;;
83702;31/05/2008;0000;5;2.023058;5.1444;100.1;50.541708;50.541708;;5.892473;11;99.1;1017.25914;939.943011;24.16129;17.491613;13.116129;77.91129;;
83702;30/06/2008;0000;5;2.288889;7;81.7;37.900773;37.900773;;7.1;5;40.4;;940.895556;22.79;15.868667;10.956667;79.758333;;
83702;31/07/2008;0000;5;2.099218;6;195.7;62.691965;58.079261;;3.967033;5;33.1;;940.757143;27.625806;19.637333;13.83;61.075;;
83702;31/08/2008;0000;5;2.946237;8;170.5;70.108786;70.108786;;4.88172;11;168.5;1014.66129;938.11828;27.741935;20.096129;14.483871;67.846774;;
83702;30/09/2008;0000;5;2.8;7;212.5;62.535181;62.535181;;5.033333;6;81.6;;939.433333;26.95;18.948667;12.333333;59.758333;;
83702;31/10/2008;0000;5;2.833333;8;;105.02027;104.875992;;7.377778;9;99.6;;937.464444;30.16129;23.214815;17.877419;68.638889;;
83702;30/11/2008;0000;5;2.483333;6;;113.654095;113.654095;;7.233333;12;283.1;;935.686667;30.596667;;;;;
83702;31/12/2008;0000;5;2.050847;4;;119.824003;116.938613;;6.033898;8;94.8;;935.213559;32.017857;;;;;
83702;31/01/2009;0000;5;2.844828;6;;118.661408;118.661408;;8.034483;12;211.6;;936.412069;29.756667;;;;;
83702;28/02/2009;0000;5;2.133333;4;162.6;112.947016;112.947016;;8.306667;16;154;;935.718667;30.807143;24.42;19.6;76.6375;;
83702;31/03/2009;0000;5;1.774194;6;198.9;119.684189;115.986684;;6.967742;13;91.2;;936.409677;30.806452;24.592903;19.73871;72.701613;;
83702;30/04/2009;0000;5;2.056757;5;261.8;100.535905;47.691769;;3.594595;0;0;;938.840541;31.021429;23.755;17.932143;60.611111;;
83702;31/05/2009;0000;5;2.478261;6;166.6;65.959392;65.959392;;6.141304;12;166.8;;938.863043;26.483871;19.81871;14.919355;76.466667;;
83702;30/06/2009;0000;5;2.344444;5;117.4;36.847342;36.847342;;6.366667;11;134;;940.796667;22.21;15.644;10.986667;79.75;;
83702;31/07/2009;0000;5;2.186022;9;105;41.27903;41.27903;;8.494624;14;131.6;;940.102151;22.23871;16.170968;11.877419;83.258065;;
83702;31/08/2009;0000;5;2.752688;6;184.6;57.375554;57.375554;;5.322581;9;132.6;;939.301075;25.629032;18.444516;13.312903;74.258065;;
83702;30/09/2009;0000;5;3.033333;7;177;64.668047;64.655817;;7.144444;12;63.1;;938.158889;25.966667;19.210667;14.323333;77.041667;;
83702;31/10/2009;0000;5;2.684783;8;199.9;100.770981;100.770981;;6.815217;12;316.7;;935.616304;29.451613;22.564516;17.351613;74.966667;;
83702;30/11/2009;0000;5;2.566667;7;204.1;138.720927;137.458659;;7.922222;12;122.4;;933.59;31.926667;25.756;21.213333;75.75;;
83702;31/12/2009;0000;5;2.369565;9;145;129.125482;129.125482;;8.505495;22;300.8;;934.769565;30.406452;24.484667;19.948387;79.808333;;
83702;31/01/2010;0000;5;1.806452;6;143;129.080297;129.080297;;8.078652;19;257.8;;935.206452;30.074194;24.474194;20.403226;81.572581;;
83702;28/02/2010;0000;5;1.746988;5;152.4;118.608138;118.608138;;7.86747;13;223;;935.646988;30.939286;25.14963;21.035714;79.064815;;
83702;31/03/2010;0000;5;1.72043;7;197.7;121.883377;121.883377;;6.44086;9;164.4;;936.232258;31.180645;24.815484;19.690323;73.612903;;
83702;30/04/2010;0000;5;2.011111;6;171.7;90.345881;89.757679;;6.193182;8;79.3;;939.12;28.443333;21.729333;16.886667;71.966667;;
83702;31/05/2010;0000;5;2.225806;8;102.6;44.373445;44.373445;;6.555556;8;316.6;1017.24086;939.632258;22.967742;16.564516;12.358065;83.040323;;
83702;30/06/2010;0000;5;2.455556;7;179.8;52.006783;44.265442;;6.333333;5;9.9;;940.941111;25.626667;18.348;13.586667;73.391667;;
83702;31/07/2010;0000;5;2.365902;7;171.8;39.022341;39.022341;;5.76087;9;71.3;;940.796774;23.916667;15.893548;10.574194;71.185484;;
83702;31/08/2010;0000;5;2.630435;8;279.7;56.676736;43.712025;;5.883152;3;3.1;;940.786957;27.296774;18.506667;12.029032;53.158333;;
83702;30/09/2010;0000;5;2.777778;9;258.4;75.757093;75.757093;;7.888889;9;299.5;;937.631111;27.7;20.61;15.313333;65.025;;
83702;31/10/2010;0000;5;2.228261;8;240.5;86.289384;86.289384;;6.395604;10;108.8;;937.106522;27.736667;20.935333;15.49;67.025;;
83702;30/11/2010;0000;5;1.977778;7;233.8;100.956861;100.956861;;5.422222;10;179.8;;935.025556;29.31;22.404;16.563333;66.208333;;
83702;31/12/2010;0000;5;2.247312;6;183.4;133.934328;126.183519;;7.182796;13;91.8;;933.023656;31.035484;24.764516;19.887097;76.516129;;
83702;31/01/2011;0000;5;1.978495;7;213.1;132.661726;132.661726;;7.795699;18;204.4;;934.221505;31.245161;24.821935;20.2;78.435484;;
83702;28/02/2011;0000;5;2.024841;8;145.1;108.245542;108.245542;;8.830357;20;146.5;;935.522619;30.007143;24.112857;20.592857;85.116071;;
83702;31/03/2011;0000;5;2.075269;6;137.5;106.953952;100.100967;;8.51087;15;67.5;;935.627957;28.583871;23.406452;19.745161;83.096774;;
83702;30/04/2011;0000;5;2.066667;7;191.4;85.446082;85.446082;;6.2;13;214;;938.067778;28.566667;22.11;17.576667;76.333333;;
83702;31/05/2011;0000;5;2.053763;5;159.9;55.299303;51.447911;;5.494624;6;26.2;1017.68172;940.58172;25.209677;18.380645;13.33871;74.927419;;
83702;30/06/2011;0000;5;2.411111;5;166.8;40.035666;40.035666;;6.088889;5;79.4;;939.628889;23.74;16.337333;11.013333;75.241667;;
83702;31/07/2011;0000;5;2.698925;8;227.3;51.68604;51.68604;;7.473118;10;79.2;;939.325806;25.009677;18.037419;12.716129;67.75;;
83702;31/08/2011;0000;5;3.193548;8;252.5;59.57855;59.451747;;6.967742;7;54.5;;939.190323;26.367742;18.773548;12.964516;63.314516;;
83702;30/09/2011;0000;5;2.505618;5;273.3;81.128161;75.45503;;4.730337;7;50.1;;939.816854;29.72069;21.204138;14.351724;59.034483;;
83702;31/10/2011;0000;5;2.580645;7;246.7;104.394296;104.394296;;5.989247;12;186.4;;935.722581;29.941935;22.91871;17.535484;68.330645;;
83702;30/11/2011;0000;5;2.505556;7;218.4;112.068286;112.068286;;5.722222;7;163.7;;935.816667;30.06;23.158;17.586667;69.266667;;
83702;31/12/2011;0000;23;2.434783;7;266;136.189277;129.711399;;6.25;10;97.9;;935.123913;31.741935;24.978;19.290323;63.209677;;
83702;31/01/2012;0000;5;1.956989;5;200.5;134.894132;134.894132;;6.731183;11;230.6;;935.004301;31.380645;25.116129;20.245161;70.774194;;
83702;29/02/2012;0000;5;1.931034;5;191;118.272983;118.272983;;7.574713;15;157.5;;936.128736;31.365517;24.837857;20.237931;75.080357;;
83702;31/03/2012;0000;5;1.935484;8;193.3;110.56931;110.559978;;6.053763;8;109.2;;937.883871;30.845161;24.468571;18.067742;67.225806;;
83702;30/04/2012;0000;5;2.011111;5;144;80.947882;80.947882;;7.644444;15;286.1;;937.656667;27.493333;21.710345;17.073333;81.15;;
83702;31/05/2012;0000;5;2.290323;6;140.9;59.411023;58.926232;;4.612903;6;49.4;1016.91828;939.970968;25.241935;19.082581;14.629032;79.370968;;
83702;30/06/2012;0000;5;2.522222;5;105.2;42.857333;42.857333;;6.766667;12;346.1;;940.026667;22.81;17.537143;13.013333;84.862069;;
83702;31/07/2012;0000;5;2.354839;7;204.3;43.599582;38.306811;;5.709677;9;9.4;;940.677419;23.896774;17.072414;11.848387;72.158333;;
83702;31/08/2012;0000;5;2.677419;7;314.2;71.898615;52.094082;;4.548387;4;26;;941.529032;28.154839;20.316129;14.448387;57.733871;;
83702;30/09/2012;0000;5;2.755556;9;367.7;93.040246;84.929355;;5.977778;6;79.1;;939.228889;30.9;22.624667;16.05;53.325;;
83702;31/10/2012;0000;5;2.827957;6;308.2;114.185516;114.185516;;7.236559;10;210.6;;936.033333;31.003226;24.155484;18.632258;67.943548;;
83702;30/11/2012;0000;5;2.314607;5;278.2;124.533586;124.533586;;6.292135;11;171.2;;935.031461;30.95;24.709655;19.996667;71.375;;
83702;31/12/2012;0000;5;2.494624;6;245.3;146.364335;146.364335;;7.096774;10;213.8;1008.75;934.446237;31.870968;25.712857;21.264516;76.008621;;
83702;31/01/2013;0000;5;2.3;6;265.6;134.894132;134.894132;;6.064516;8;137.8;;936.022581;31.629032;25.103226;19.596774;68.443548;;
83702;28/02/2013;0000;5;2.511905;7;204.6;110.019941;110.019941;;7.059524;10;122.9;;935.844048;31.428571;24.714286;20.346429;75.892857;;
83702;31/03/2013;0000;5;2.455415;6.17328;;111.836241;111.836241;;7.084239;9;157.5;;936.697849;30.112903;23.935484;19.522581;75.209677;;
83702;30/04/2013;0000;5;2.309264;6.17328;;73.593966;73.593966;;5.666667;12;232.2;;938.823333;26.983333;20.79;16.71;77.816667;;
83702;31/05/2013;0000;5;2.387407;5;149.4;61.657703;61.657703;;6.580645;14;138.8;;939.247312;25.464516;19.497419;15.141935;79.080645;;
83702;30/06/2013;0000;5;2;5;109.8;48.87593;48.87593;;7.066667;15;247;;939.821111;23.13;18.030667;14.01;87.925;;
83702;31/07/2013;0000;5;2.967391;7;192.2;60.573915;49.931111;;3.858696;5;10.6;;941.778261;26.105556;19.297647;11.958065;69.1;;
83702;31/08/2013;0000;5;3.462169;7.20216;;103.985789;42.113746;;4.771505;4;3.7;;940.691398;;;10.733333;55.451613;;
83702;30/09/2013;0000;5;3.28921;7;338.9;106.511689;50.279708;;5.566667;6;39.4;;938.764444;;;14.723333;59.675;;
83702;31/10/2013;0000;5;2.695652;8;256.3;116.190814;116.190814;;6.73913;12;312.9;1013.40989;937.639785;;;17.3;71.125;;
83702;30/11/2013;0000;5;2.746667;8;286.8;117.581558;117.581558;;6.144444;9;207;;935.497778;;;18.823333;69.3;;
83702;31/12/2013;0000;5;2.217391;8;255.4;124.08028;107.689886;;6.48913;8;60.8;;934.198913;;;21.01;71.541667;;
83702;31/01/2014;0000;5;2.322967;6.17328;;122.90029;122.90029;;6.212366;4;173.1;;937.188172;;;20.543333;78.524194;;
83702;28/02/2014;0000;5;2.416667;7;219.7;106.946133;106.946133;;6.666667;;198.5;;936.210714;;;;74.777778;;
83702;31/03/2014;0000;5;2.247312;6;213.6;112.906482;112.906482;;6.494624;;207.6;1012.4;937.151613;;;;76.540323;;
83702;30/04/2014;0000;5;2.644444;7;168.5;103.128503;100.17534;;6.355556;;77.8;;938.623333;;;;79.825;;
83702;31/05/2014;0000;5;2.505435;7;142.1;101.36719;101.36719;;6.315217;;152.7;;939.319565;;;;83.908333;;
83702;30/06/2014;0000;5;2.889139;7.20216;;95.412462;94.311876;;6.097973;;80.2;;939.851685;;;;82.551724;;
83702;31/07/2014;0000;5;2.304612;9;245.2;99.61311;99.61311;;5;;149.1;;941.836559;;;;79.193548;;
83702;31/08/2014;0000;5;2.376344;6;235.9;103.985789;76.4811;;3.989247;;19.4;;940.573118;;;;70.064516;;
83702;30/09/2014;0000;5;2.971558;6.17328;;106.511689;106.511689;;3.591176;;234.3;;937.404444;;;;76.836207;;
83702;31/10/2014;0000;5;2.784686;5.1444;;116.190814;106.731494;;3.244382;;69.3;;937.796739;;;;68.116667;;
83702;30/11/2014;0000;14;2.480744;4.11552;;117.581558;117.581558;;4.868421;;287.4;;936.073333;;;;77.408333;;
83702;31/12/2014;0000;5;2.941255;7.20216;;124.08028;123.37913;;5.863971;;112;;935.681522;;;;81.33871;;
83702;31/01/2015;0000;5;2.444973;6.17328;;122.90029;122.90029;;5.729167;;252.5;;937.826882;;;;77.08871;;
83702;28/02/2015;0000;5;2.596697;6.17328;;106.946133;106.946133;;3.825;;125.1;;936.467857;;;;82.616071;;
83702;31/03/2015;0000;23;2.43391;6.17328;;112.906482;108.344437;;4.15493;;81.1;;937.998925;;;;79.16129;;
83702;30/04/2015;0000;5;2.45788;4.11552;;103.128503;103.128503;;4.952532;;145.6;;938.383333;;;;84.266667;;
83702;31/05/2015;0000;5;2.525433;4.11552;;101.36719;101.36719;;4.671053;;164.6;1016.91954;940.260227;;;;89.481481;;
83702;30/06/2015;0000;5;2.635782;4.11552;;95.412462;87.426981;;5.392442;;52.6;;941.811364;;;;86.560345;;
83702;31/07/2015;0000;5;;8.23104;;;;;;;167.8;;;;;;;;

